(-1, 0)
(-2, 1)
(-3, 2)
(-3, 1)
(-3, 0)
(-4, -1)
(-5, 0)
(-6, 1)
(-6, 2)
(-7, 3)
(-5, 1)
(-6, 0)
(-7, 0)
(-6, -1)
(-7, 1)
(-5, 3)
(-4, 3)
(-2, 2)
(-1, 1)
(-2, -1)
(-1, -2)
(-1, -3)
(0, -4)
(0, -1)
(1, -1)
(2, -1)
(3, 0)
(4, -1)
(4, -2)
(3, -3)
(2, -4)
(3, -5)
(4, -4)
(5, -4)
(6, -4)
(7, -5)
(6, -6)
(5, -7)
(4, -7)
(8, -4)
(7, -3)
(6, -3)
(7, -4)
(7, -6)
(8, -7)
(9, -6)
(10, -5)
(10, -4)
(10, -3)
(11, -2)
(12, -2)
(13, -2)
(14, -1)
(14, 0)
(13, -1)
(12, 0)
(12, 1)
(11, 2)
(10, 3)
(9, 2)
(9, 1)
(8, 0)
(7, 0)
(6, -1)
(6, -2)
(5, -3)
(5, -2)
(3, -2)
(1, 0)
(-1, -1)
(0, -3)
(1, -2)
(-2, 0)
(-4, 1)
(-8, 4)
(-9, 5)
(-7, 4)
(-6, 3)
(-8, 1)
(-7, 2)
(-5, 2)
(-4, 2)
(-3, 3)
(-2, 3)
(-1, 3)
(0, 4)
(0, 5)
(1, 6)
(-1, 6)
(-2, 7)
(-3, 7)
(-4, 8)
(-5, 7)
(-5, 8)
(-6, 9)
(-7, 9)
(-8, 8)
(-8, 7)
(-8, 6)
(-8, 9)
(-7, 10)
(-6, 10)
(-5, 10)
(-6, 11)
(-5, 12)
(-4, 12)
(-3, 12)
(-4, 11)
(-4, 10)
(-4, 9)
(-4, 7)
(-3, 6)
(-2, 6)
(-4, 5)
(-4, 4)
(-5, 4)
(-5, 6)
(-6, 6)
(-7, 6)
(-8, 5)
(-6, 5)
(-9, 6)
(-10, 6)
(-11, 5)
(-11, 4)
(-11, 3)
(-10, 4)
(-9, 3)
(-9, 2)
(-9, 1)
(-8, 0)
(-3, 4)
(-3, 5)
(-3, 8)
(-3, 9)
(-2, 10)
(-1, 10)
(0, 10)
(-1, 11)
(-1, 12)
(-1, 13)
(0, 12)
(1, 13)
(1, 14)
(2, 15)
(3, 15)
(1, 15)
(0, 16)
(-1, 16)
(-2, 17)
(-1, 18)
(0, 18)
(1, 18)
(2, 19)
(2, 20)
(1, 19)
(0, 19)
(-1, 20)
(-1, 21)
(-1, 19)
(2, 18)
(2, 17)
(2, 16)
(0, 14)
(-1, 15)
(-1, 17)
(-2, 18)
(-3, 19)
(-3, 20)
(-2, 21)
(-2, 20)
(-2, 19)
(0, 20)
(0, 21)
(-1, 22)
(-1, 23)
(-2, 22)
(-2, 23)
(-2, 24)
(-2, 25)
(-3, 26)
(-4, 26)
(-5, 26)
(-2, 27)
(-3, 28)
(-4, 28)
(-5, 28)
(-6, 27)
(-6, 26)
(-6, 25)
(-6, 24)
(-5, 23)
(-4, 23)
(-3, 24)
(-1, 25)
(0, 26)
(0, 27)
(1, 28)
(2, 28)
(3, 28)
(4, 29)
(4, 30)
(3, 31)
(2, 31)
(1, 31)
(0, 31)
(-1, 32)
(-1, 33)
(-1, 31)
(-2, 30)
(-3, 30)
(-4, 30)
(-5, 31)
(-5, 32)
(-5, 33)
(-6, 34)
(-7, 34)
(-8, 34)
(-9, 34)
(-10, 33)
(-10, 32)
(-11, 31)
(-11, 30)
(-11, 29)
(-11, 28)
(-11, 27)
(-11, 26)
(-11, 25)
(-12, 24)
(-13, 24)
(-14, 24)
(-15, 24)
(-16, 24)
(-17, 24)
(-18, 25)
(-18, 26)
(-18, 27)
(-18, 28)
(-17, 25)
(-16, 25)
(-15, 25)
(-14, 25)
(-15, 26)
(-15, 27)
(-15, 28)
(-16, 29)
(-16, 30)
(-17, 31)
(-18, 31)
(-19, 30)
(-19, 29)
(-19, 28)
(-20, 27)
(-21, 27)
(-22, 26)
(-22, 25)
(-22, 24)
(-22, 23)
(-23, 22)
(-24, 22)
(-23, 23)
(-22, 22)
(-22, 21)
(-22, 20)
(-24, 23)
(-25, 23)
(-26, 24)
(-26, 25)
(-26, 26)
(-26, 27)
(-25, 26)
(-25, 25)
(-25, 24)
(-26, 23)
(-27, 23)
(-28, 23)
(-29, 22)
(-29, 21)
(-29, 20)
(-29, 19)
(-30, 18)
(-30, 19)
(-30, 20)
(-29, 17)
(-28, 16)
(-28, 15)
(-28, 14)
(-28, 13)
(-28, 12)
(-28, 11)
(-28, 10)
(-29, 13)
(-30, 13)
(-31, 13)
(-32, 14)
(-32, 15)
(-32, 16)
(-32, 17)
(-31, 15)
(-30, 15)
(-29, 14)
(-29, 12)
(-29, 11)
(-27, 11)
(-26, 12)
(-25, 12)
(-24, 12)
(-23, 12)
(-25, 11)
(-26, 10)
(-25, 10)
(-24, 9)
(-24, 8)
(-25, 7)
(-26, 7)
(-27, 7)
(-24, 7)
(-23, 7)
(-22, 7)
(-21, 7)
(-25, 9)
(-26, 9)
(-27, 9)
(-28, 9)
(-29, 8)
(-30, 9)
(-31, 9)
(-32, 9)
(-33, 9)
(-34, 9)
(-33, 10)
(-33, 8)
(-34, 7)
(-33, 7)
(-32, 8)
(-32, 10)
(-32, 11)
(-31, 12)
(-30, 12)
(-27, 10)
(-29, 9)
(-30, 10)
(-27, 12)
(-27, 13)
(-27, 14)
(-27, 15)
(-29, 16)
(-30, 17)
(-31, 19)
(-32, 18)
(-33, 18)
(-34, 18)
(-35, 18)
(-36, 18)
(-34, 19)
(-35, 20)
(-36, 20)
(-34, 20)
(-33, 21)
(-34, 22)
(-35, 22)
(-36, 22)
(-37, 23)
(-37, 24)
(-37, 25)
(-37, 26)
(-38, 27)
(-39, 27)
(-40, 27)
(-41, 28)
(-41, 29)
(-40, 30)
(-39, 30)
(-38, 30)
(-37, 31)
(-37, 32)
(-38, 29)
(-37, 30)
(-36, 30)
(-35, 30)
(-34, 30)
(-33, 30)
(-32, 29)
(-32, 30)
(-32, 28)
(-32, 27)
(-32, 26)
(-31, 25)
(-30, 25)
(-29, 25)
(-28, 24)
(-27, 24)
(-24, 24)
(-23, 25)
(-23, 26)
(-23, 27)
(-23, 28)
(-24, 28)
(-25, 28)
(-26, 28)
(-27, 28)
(-28, 27)
(-28, 26)
(-28, 25)
(-24, 25)
(-24, 26)
(-24, 27)
(-25, 22)
(-21, 21)
(-21, 20)
(-21, 19)
(-21, 18)
(-21, 17)
(-22, 16)
(-23, 16)
(-24, 17)
(-24, 18)
(-24, 19)
(-24, 20)
(-23, 21)
(-22, 19)
(-22, 18)
(-22, 17)
(-23, 15)
(-24, 15)
(-25, 15)
(-26, 15)
(-30, 11)
(-30, 8)
(-30, 7)
(-32, 12)
(-33, 12)
(-33, 13)
(-33, 14)
(-33, 15)
(-33, 16)
(-34, 17)
(-35, 17)
(-36, 17)
(-37, 17)
(-38, 17)
(-37, 16)
(-36, 16)
(-35, 16)
(-34, 16)
(-35, 19)
(-36, 21)
(-37, 21)
(-38, 21)
(-39, 22)
(-39, 23)
(-39, 24)
(-38, 25)
(-36, 25)
(-35, 25)
(-34, 26)
(-34, 27)
(-33, 28)
(-31, 28)
(-33, 27)
(-35, 27)
(-36, 28)
(-37, 29)
(-36, 29)
(-35, 29)
(-34, 29)
(-39, 28)
(-39, 26)
(-39, 25)
(-40, 23)
(-41, 23)
(-40, 22)
(-40, 21)
(-40, 20)
(-40, 19)
(-39, 18)
(-38, 18)
(-37, 18)
(-33, 19)
(-32, 19)
(-33, 17)
(-38, 16)
(-35, 15)
(-35, 14)
(-36, 13)
(-37, 13)
(-38, 13)
(-39, 13)
(-38, 14)
(-38, 15)
(-37, 14)
(-36, 14)
(-34, 15)
(-39, 16)
(-38, 12)
(-38, 11)
(-39, 10)
(-40, 10)
(-41, 10)
(-42, 10)
(-43, 10)
(-44, 11)
(-45, 11)
(-46, 11)
(-47, 10)
(-47, 9)
(-47, 8)
(-47, 7)
(-47, 6)
(-48, 5)
(-48, 4)
(-48, 3)
(-49, 2)
(-50, 2)
(-51, 2)
(-52, 2)
(-53, 1)
(-53, 0)
(-53, -1)
(-53, -2)
(-54, -3)
(-55, -3)
(-56, -3)
(-57, -3)
(-58, -3)
(-59, -2)
(-59, -1)
(-59, 0)
(-59, 1)
(-60, 2)
(-61, 2)
(-62, 2)
(-63, 2)
(-64, 2)
(-65, 2)
(-66, 1)
(-66, 0)
(-66, -1)
(-65, -2)
(-64, -2)
(-63, -3)
(-63, -4)
(-63, -5)
(-62, -6)
(-61, -6)
(-60, -6)
(-59, -7)
(-59, -8)
(-60, -9)
(-61, -9)
(-61, -10)
(-61, -11)
(-61, -12)
(-62, -13)
(-63, -13)
(-64, -13)
(-65, -14)
(-65, -15)
(-65, -16)
(-65, -17)
(-65, -18)
(-65, -19)
(-64, -20)
(-64, -21)
(-63, -21)
(-62, -21)
(-61, -21)
(-60, -21)
(-59, -21)
(-59, -22)
(-59, -23)
(-59, -24)
(-59, -25)
(-59, -26)
(-60, -27)
(-59, -28)
(-59, -29)
(-59, -30)
(-60, -31)
(-61, -31)
(-62, -32)
(-62, -33)
(-62, -34)
(-62, -35)
(-62, -36)
(-63, -37)
(-64, -37)
(-65, -37)
(-66, -37)
(-67, -37)
(-68, -36)
(-68, -35)
(-68, -34)
(-68, -33)
(-68, -32)
(-67, -31)
(-66, -31)
(-65, -31)
(-64, -31)
(-63, -31)
(-62, -31)
(-61, -30)
(-61, -29)
(-61, -28)
(-61, -27)
(-62, -26)
(-63, -27)
(-63, -28)
(-63, -29)
(-62, -30)
(-60, -30)
(-58, -30)
(-57, -30)
(-63, -26)
(-63, -25)
(-63, -24)
(-64, -23)
(-65, -23)
(-66, -23)
(-67, -24)
(-67, -25)
(-67, -26)
(-67, -27)
(-67, -28)
(-66, -29)
(-65, -29)
(-64, -29)
(-68, -23)
(-69, -23)
(-70, -24)
(-70, -25)
(-70, -26)
(-70, -27)
(-70, -28)
(-70, -29)
(-71, -25)
(-72, -25)
(-73, -25)
(-74, -25)
(-75, -25)
(-75, -26)
(-75, -27)
(-75, -28)
(-75, -29)
(-75, -30)
(-75, -31)
(-76, -32)
(-77, -32)
(-78, -32)
(-79, -32)
(-80, -32)
(-81, -31)
(-81, -30)
(-81, -32)
(-81, -33)
(-82, -32)
(-83, -32)
(-84, -32)
(-85, -32)
(-86, -32)
(-87, -32)
(-88, -32)
(-89, -32)
(-90, -32)
(-91, -33)
(-91, -34)
(-92, -35)
(-93, -35)
(-91, -35)
(-90, -35)
(-89, -34)
(-89, -33)
(-89, -35)
(-90, -36)
(-89, -36)
(-88, -36)
(-87, -37)
(-88, -38)
(-89, -38)
(-90, -38)
(-91, -38)
(-92, -39)
(-92, -40)
(-92, -41)
(-92, -42)
(-92, -43)
(-91, -44)
(-90, -44)
(-89, -44)
(-88, -44)
(-87, -44)
(-86, -44)
(-85, -45)
(-85, -46)
(-85, -47)
(-85, -44)
(-85, -43)
(-84, -42)
(-83, -42)
(-82, -42)
(-81, -42)
(-80, -42)
(-79, -42)
(-85, -41)
(-85, -40)
(-85, -39)
(-85, -38)
(-85, -37)
(-85, -36)
(-84, -37)
(-84, -38)
(-83, -39)
(-83, -40)
(-83, -41)
(-83, -43)
(-83, -44)
(-83, -45)
(-84, -46)
(-86, -46)
(-87, -46)
(-88, -46)
(-89, -45)
(-89, -43)
(-89, -42)
(-89, -41)
(-88, -40)
(-87, -40)
(-86, -40)
(-84, -40)
(-86, -41)
(-85, -42)
(-81, -41)
(-81, -40)
(-81, -39)
(-81, -38)
(-81, -37)
(-80, -36)
(-80, -35)
(-80, -34)
(-80, -33)
(-80, -31)
(-80, -30)
(-81, -29)
(-82, -29)
(-83, -29)
(-84, -29)
(-85, -29)
(-86, -29)
(-87, -29)
(-88, -29)
(-89, -29)
(-90, -29)
(-91, -29)
(-92, -28)
(-92, -27)
(-91, -26)
(-90, -26)
(-89, -26)
(-88, -26)
(-87, -26)
(-86, -26)
(-85, -27)
(-85, -28)
(-85, -30)
(-85, -31)
(-86, -33)
(-87, -33)
(-88, -33)
(-89, -31)
(-89, -30)
(-89, -28)
(-89, -27)
(-90, -25)
(-91, -25)
(-92, -24)
(-92, -23)
(-92, -22)
(-93, -21)
(-94, -21)
(-95, -21)
(-96, -21)
(-97, -21)
(-98, -21)
(-99, -22)
(-99, -23)
(-99, -24)
(-99, -25)
(-99, -26)
(-98, -25)
(-98, -24)
(-98, -23)
(-98, -26)
(-99, -27)
(-100, -27)
(-101, -27)
(-102, -27)
(-103, -27)
(-104, -28)
(-105, -28)
(-106, -28)
(-107, -28)
(-108, -28)
(-109, -28)
(-110, -28)
(-108, -29)
(-107, -29)
(-106, -29)
(-105, -29)
(-104, -29)
(-103, -29)
(-102, -29)
(-101, -28)
(-101, -26)
(-101, -25)
(-101, -24)
(-101, -23)
(-101, -22)
(-102, -21)
(-103, -21)
(-104, -22)
(-104, -23)
(-104, -24)
(-104, -25)
(-105, -26)
(-106, -26)
(-107, -27)
(-107, -26)
(-107, -25)
(-107, -24)
(-107, -23)
(-108, -27)
(-106, -27)
(-105, -27)
(-104, -26)
(-105, -25)
(-106, -25)
(-108, -25)
(-109, -25)
(-110, -25)
(-108, -26)
(-108, -30)
(-108, -31)
(-108, -32)
(-108, -33)
(-108, -34)
(-108, -35)
(-108, -36)
(-108, -37)
(-109, -31)
(-110, -31)
(-109, -32)
(-107, -32)
(-106, -32)
(-105, -32)
(-104, -32)
(-103, -32)
(-102, -32)
(-101, -31)
(-101, -30)
(-101, -29)
(-101, -32)
(-100, -33)
(-99, -33)
(-98, -33)
(-97, -33)
(-96, -33)
(-95, -33)
(-94, -34)
(-93, -34)
(-92, -34)
(-90, -34)
(-88, -34)
(-79, -31)
(-79, -30)
(-79, -29)
(-80, -28)
(-81, -28)
(-82, -27)
(-82, -26)
(-82, -28)
(-82, -30)
(-80, -29)
(-80, -27)
(-80, -26)
(-79, -33)
(-79, -34)
(-79, -28)
(-78, -33)
(-77, -33)
(-76, -33)
(-75, -33)
(-74, -34)
(-74, -35)
(-74, -36)
(-74, -37)
(-74, -38)
(-74, -39)
(-73, -40)
(-72, -40)
(-71, -40)
(-70, -39)
(-70, -38)
(-70, -37)
(-70, -36)
(-70, -35)
(-70, -34)
(-71, -33)
(-72, -33)
(-73, -33)
(-74, -33)
(-81, -34)
(-81, -35)
(-81, -36)
(-80, -38)
(-79, -38)
(-78, -37)
(-78, -36)
(-78, -35)
(-78, -34)
(-71, -32)
(-71, -31)
(-71, -30)
(-71, -29)
(-71, -28)
(-72, -27)
(-73, -27)
(-74, -27)
(-76, -27)
(-77, -27)
(-78, -27)
(-80, -25)
(-80, -24)
(-80, -23)
(-81, -22)
(-82, -22)
(-83, -22)
(-84, -22)
(-85, -21)
(-86, -20)
(-87, -20)
(-88, -20)
(-89, -20)
(-90, -19)
(-90, -18)
(-90, -17)
(-89, -16)
(-88, -17)
(-89, -18)
(-91, -18)
(-92, -18)
(-93, -18)
(-94, -18)
(-94, -17)
(-94, -16)
(-95, -18)
(-96, -18)
(-97, -18)
(-98, -17)
(-98, -16)
(-98, -15)
(-98, -14)
(-98, -13)
(-98, -12)
(-98, -11)
(-97, -10)
(-96, -10)
(-98, -10)
(-99, -11)
(-100, -11)
(-97, -11)
(-96, -11)
(-95, -12)
(-95, -13)
(-95, -14)
(-95, -15)
(-101, -11)
(-102, -11)
(-103, -10)
(-103, -9)
(-103, -8)
(-103, -7)
(-104, -6)
(-105, -6)
(-106, -6)
(-107, -6)
(-108, -7)
(-109, -7)
(-110, -7)
(-111, -7)
(-112, -7)
(-113, -7)
(-114, -7)
(-111, -6)
(-111, -5)
(-111, -4)
(-111, -3)
(-111, -2)
(-112, -1)
(-113, -1)
(-114, -1)
(-115, -1)
(-116, -2)
(-116, -3)
(-115, -4)
(-114, -4)
(-113, -4)
(-112, -4)
(-111, -1)
(-111, 0)
(-111, 1)
(-111, 2)
(-111, 3)
(-116, -5)
(-116, -4)
(-116, -1)
(-117, 0)
(-118, 0)
(-119, 1)
(-119, 2)
(-119, 3)
(-119, 4)
(-119, 0)
(-120, 2)
(-121, 2)
(-120, 3)
(-120, 4)
(-120, 5)
(-120, 6)
(-120, 7)
(-120, 1)
(-120, 0)
(-121, -1)
(-122, -1)
(-123, -1)
(-124, -1)
(-125, -1)
(-126, -1)
(-127, 0)
(-127, 1)
(-127, 2)
(-127, 3)
(-127, 4)
(-128, 5)
(-129, 5)
(-130, 5)
(-131, 5)
(-132, 5)
(-133, 5)
(-134, 5)
(-135, 4)
(-135, 3)
(-135, 2)
(-135, 1)
(-135, 0)
(-135, -1)
(-135, -2)
(-136, -3)
(-137, -3)
(-138, -3)
(-139, -3)
(-140, -3)
(-141, -3)
(-142, -3)
(-143, -3)
(-144, -3)
(-145, -3)
(-146, -3)
(-147, -2)
(-147, -1)
(-147, 0)
(-147, 1)
(-147, 2)
(-147, 3)
(-147, 4)
(-146, 5)
(-147, 6)
(-147, 7)
(-147, 8)
(-147, 9)
(-147, 10)
(-148, 11)
(-149, 11)
(-150, 11)
(-151, 12)
(-151, 13)
(-151, 14)
(-152, 15)
(-153, 15)
(-154, 15)
(-155, 15)
(-156, 15)
(-157, 15)
(-158, 15)
(-159, 15)
(-160, 15)
(-161, 15)
(-162, 15)
(-163, 15)
(-164, 15)
(-165, 14)
(-164, 13)
(-163, 13)
(-162, 13)
(-161, 13)
(-160, 13)
(-159, 13)
(-158, 13)
(-157, 13)
(-156, 14)
(-156, 16)
(-156, 17)
(-157, 18)
(-158, 18)
(-159, 18)
(-160, 18)
(-161, 18)
(-159, 19)
(-159, 20)
(-160, 21)
(-161, 21)
(-162, 21)
(-162, 20)
(-162, 19)
(-162, 18)
(-162, 17)
(-162, 16)
(-162, 14)
(-165, 13)
(-166, 13)
(-167, 13)
(-168, 13)
(-166, 12)
(-166, 11)
(-166, 10)
(-166, 9)
(-166, 8)
(-166, 7)
(-166, 6)
(-166, 5)
(-165, 6)
(-164, 6)
(-163, 6)
(-162, 6)
(-161, 6)
(-160, 6)
(-159, 6)
(-158, 6)
(-157, 6)
(-156, 6)
(-155, 6)
(-154, 6)
(-153, 6)
(-152, 6)
(-151, 6)
(-150, 5)
(-150, 4)
(-150, 3)
(-150, 2)
(-150, 1)
(-150, 0)
(-151, -1)
(-152, -1)
(-153, -1)
(-154, -2)
(-154, -3)
(-154, -4)
(-154, -5)
(-154, -6)
(-154, -7)
(-155, -8)
(-156, -8)
(-157, -7)
(-157, -6)
(-157, -5)
(-157, -4)
(-157, -3)
(-157, -2)
(-158, -7)
(-159, -7)
(-160, -7)
(-161, -7)
(-162, -8)
(-162, -9)
(-162, -10)
(-162, -11)
(-162, -12)
(-162, -13)
(-163, -10)
(-164, -10)
(-165, -10)
(-166, -10)
(-167, -10)
(-168, -10)
(-169, -11)
(-169, -12)
(-169, -13)
(-169, -14)
(-169, -15)
(-169, -16)
(-169, -17)
(-169, -18)
(-168, -12)
(-167, -12)
(-166, -12)
(-165, -12)
(-164, -12)
(-163, -12)
(-161, -13)
(-161, -14)
(-161, -15)
(-161, -16)
(-161, -12)
(-161, -11)
(-161, -10)
(-163, -9)
(-164, -9)
(-165, -9)
(-166, -9)
(-167, -9)
(-168, -9)
(-169, -9)
(-170, -10)
(-170, -11)
(-170, -12)
(-170, -13)
(-170, -14)
(-170, -15)
(-170, -16)
(-168, -11)
(-167, -11)
(-166, -8)
(-166, -7)
(-166, -6)
(-166, -5)
(-166, -4)
(-167, -3)
(-168, -3)
(-169, -3)
(-170, -2)
(-170, -1)
(-170, 0)
(-169, 1)
(-168, 1)
(-167, 0)
(-167, -1)
(-167, 1)
(-167, 2)
(-167, 3)
(-167, 4)
(-167, 5)
(-167, -2)
(-170, -3)
(-171, -4)
(-171, -5)
(-171, -6)
(-172, -5)
(-172, -4)
(-172, -3)
(-172, -2)
(-172, -1)
(-172, 0)
(-172, -6)
(-171, -7)
(-170, -8)
(-169, -8)
(-168, -8)
(-167, -8)
(-165, -11)
(-171, -12)
(-172, -12)
(-173, -13)
(-173, -14)
(-173, -15)
(-173, -16)
(-173, -17)
(-173, -18)
(-173, -19)
(-173, -20)
(-173, -21)
(-174, -22)
(-175, -22)
(-176, -22)
(-177, -22)
(-178, -22)
(-179, -21)
(-179, -20)
(-179, -22)
(-179, -23)
(-179, -24)
(-178, -25)
(-177, -25)
(-176, -25)
(-175, -25)
(-174, -25)
(-173, -25)
(-172, -25)
(-171, -25)
(-170, -24)
(-170, -23)
(-170, -22)
(-171, -21)
(-172, -21)
(-174, -21)
(-175, -21)
(-176, -21)
(-178, -21)
(-178, -20)
(-178, -19)
(-178, -18)
(-179, -17)
(-180, -17)
(-181, -17)
(-182, -17)
(-178, -17)
(-177, -17)
(-176, -16)
(-176, -15)
(-176, -14)
(-176, -13)
(-176, -12)
(-176, -11)
(-176, -10)
(-176, -9)
(-175, -16)
(-174, -17)
(-174, -18)
(-174, -19)
(-174, -20)
(-174, -16)
(-174, -15)
(-174, -14)
(-174, -13)
(-175, -12)
(-176, -8)
(-176, -7)
(-175, -6)
(-174, -6)
(-173, -6)
(-170, -6)
(-169, -6)
(-168, -7)
(-168, -13)
(-167, -14)
(-166, -14)
(-165, -14)
(-164, -14)
(-163, -14)
(-162, -14)
(-160, -14)
(-159, -13)
(-159, -12)
(-159, -11)
(-159, -10)
(-158, -9)
(-157, -9)
(-156, -9)
(-159, -8)
(-156, -10)
(-156, -11)
(-156, -12)
(-157, -13)
(-158, -13)
(-155, -10)
(-155, -11)
(-155, -12)
(-155, -13)
(-155, -14)
(-155, -15)
(-155, -16)
(-155, -17)
(-155, -18)
(-156, -19)
(-157, -19)
(-158, -19)
(-159, -19)
(-160, -19)
(-161, -19)
(-162, -19)
(-163, -19)
(-164, -19)
(-165, -19)
(-166, -20)
(-167, -19)
(-168, -19)
(-169, -19)
(-170, -19)
(-171, -19)
(-172, -19)
(-175, -19)
(-176, -20)
(-177, -20)
(-175, -18)
(-175, -17)
(-175, -15)
(-172, -17)
(-171, -17)
(-170, -17)
(-168, -17)
(-171, -16)
(-172, -18)
(-172, -20)
(-172, -22)
(-172, -23)
(-171, -24)
(-169, -24)
(-168, -24)
(-167, -24)
(-171, -23)
(-171, -22)
(-170, -21)
(-169, -21)
(-168, -21)
(-167, -21)
(-166, -21)
(-165, -21)
(-164, -21)
(-163, -21)
(-169, -20)
(-169, -22)
(-169, -23)
(-169, -25)
(-168, -26)
(-167, -26)
(-166, -26)
(-165, -26)
(-164, -25)
(-164, -24)
(-164, -23)
(-164, -22)
(-164, -20)
(-164, -18)
(-164, -17)
(-164, -16)
(-164, -15)
(-159, -14)
(-158, -15)
(-158, -16)
(-158, -17)
(-158, -18)
(-158, -20)
(-158, -21)
(-158, -22)
(-159, -23)
(-160, -23)
(-161, -23)
(-162, -23)
(-163, -23)
(-161, -24)
(-161, -25)
(-161, -26)
(-161, -27)
(-161, -28)
(-161, -29)
(-161, -30)
(-160, -29)
(-160, -30)
(-160, -31)
(-160, -32)
(-160, -33)
(-160, -34)
(-160, -35)
(-160, -36)
(-161, -37)
(-162, -37)
(-163, -37)
(-164, -37)
(-165, -37)
(-166, -37)
(-167, -36)
(-167, -35)
(-167, -34)
(-167, -33)
(-168, -34)
(-169, -34)
(-170, -34)
(-171, -34)
(-172, -34)
(-173, -34)
(-174, -34)
(-175, -34)
(-176, -35)
(-176, -36)
(-176, -37)
(-176, -38)
(-177, -39)
(-178, -39)
(-179, -39)
(-180, -39)
(-176, -40)
(-176, -41)
(-176, -42)
(-176, -43)
(-176, -44)
(-176, -45)
(-176, -46)
(-177, -47)
(-178, -47)
(-179, -47)
(-180, -47)
(-181, -47)
(-182, -47)
(-183, -46)
(-183, -45)
(-183, -44)
(-183, -43)
(-183, -42)
(-183, -41)
(-183, -47)
(-183, -48)
(-183, -49)
(-184, -50)
(-185, -49)
(-185, -48)
(-185, -47)
(-185, -46)
(-185, -45)
(-185, -50)
(-185, -51)
(-185, -52)
(-185, -44)
(-185, -43)
(-185, -42)
(-185, -41)
(-186, -40)
(-187, -40)
(-188, -40)
(-189, -40)
(-190, -40)
(-191, -41)
(-191, -42)
(-191, -43)
(-191, -44)
(-191, -45)
(-191, -46)
(-191, -47)
(-191, -48)
(-191, -49)
(-192, -50)
(-193, -50)
(-194, -50)
(-195, -49)
(-195, -48)
(-195, -47)
(-195, -46)
(-195, -45)
(-195, -44)
(-195, -43)
(-194, -42)
(-193, -42)
(-192, -42)
(-190, -42)
(-189, -43)
(-189, -44)
(-189, -45)
(-189, -46)
(-189, -47)
(-188, -48)
(-187, -48)
(-189, -48)
(-190, -48)
(-192, -48)
(-193, -48)
(-194, -48)
(-196, -47)
(-196, -46)
(-196, -45)
(-196, -44)
(-196, -48)
(-196, -49)
(-196, -50)
(-196, -51)
(-195, -52)
(-194, -52)
(-193, -52)
(-192, -52)
(-191, -52)
(-190, -52)
(-189, -52)
(-188, -52)
(-187, -52)
(-186, -53)
(-186, -54)
(-186, -55)
(-186, -56)
(-186, -57)
(-186, -58)
(-186, -59)
(-185, -60)
(-184, -60)
(-183, -60)
(-182, -60)
(-181, -60)
(-180, -60)
(-179, -60)
(-178, -60)
(-177, -60)
(-176, -61)
(-176, -62)
(-176, -60)
(-176, -59)
(-176, -58)
(-175, -57)
(-174, -57)
(-173, -57)
(-172, -57)
(-171, -57)
(-170, -57)
(-169, -57)
(-168, -57)
(-167, -58)
(-167, -59)
(-167, -60)
(-167, -61)
(-166, -62)
(-165, -62)
(-164, -62)
(-163, -62)
(-162, -62)
(-161, -63)
(-161, -64)
(-161, -65)
(-161, -66)
(-161, -67)
(-160, -68)
(-159, -68)
(-158, -68)
(-157, -68)
(-156, -67)
(-156, -66)
(-156, -65)
(-156, -64)
(-156, -63)
(-156, -62)
(-157, -63)
(-157, -64)
(-157, -65)
(-157, -66)
(-157, -67)
(-157, -69)
(-156, -70)
(-155, -70)
(-154, -70)
(-153, -70)
(-152, -70)
(-151, -70)
(-150, -70)
(-149, -70)
(-148, -70)
(-147, -69)
(-148, -68)
(-149, -68)
(-150, -68)
(-151, -68)
(-152, -67)
(-152, -66)
(-152, -65)
(-152, -64)
(-152, -63)
(-152, -62)
(-152, -61)
(-153, -60)
(-154, -60)
(-155, -60)
(-156, -60)
(-157, -60)
(-158, -60)
(-159, -60)
(-160, -60)
(-161, -59)
(-161, -58)
(-161, -57)
(-161, -56)
(-161, -55)
(-161, -54)
(-161, -53)
(-161, -52)
(-162, -51)
(-163, -52)
(-163, -53)
(-163, -54)
(-163, -55)
(-163, -56)
(-163, -57)
(-163, -58)
(-162, -59)
(-160, -59)
(-159, -58)
(-159, -57)
(-159, -56)
(-159, -55)
(-159, -54)
(-159, -53)
(-159, -59)
(-161, -60)
(-162, -60)
(-163, -60)
(-164, -60)
(-165, -60)
(-166, -60)
(-168, -60)
(-169, -59)
(-169, -58)
(-169, -56)
(-169, -55)
(-169, -54)
(-168, -53)
(-167, -53)
(-166, -53)
(-165, -53)
(-164, -53)
(-162, -52)
(-162, -50)
(-162, -49)
(-162, -48)
(-162, -47)
(-162, -46)
(-161, -45)
(-160, -45)
(-159, -45)
(-158, -45)
(-157, -45)
(-156, -45)
(-155, -45)
(-154, -45)
(-153, -45)
(-152, -45)
(-151, -44)
(-151, -43)
(-151, -42)
(-151, -41)
(-151, -40)
(-151, -39)
(-151, -38)
(-151, -37)
(-151, -36)
(-150, -35)
(-149, -35)
(-148, -35)
(-147, -35)
(-146, -35)
(-145, -35)
(-144, -35)
(-143, -35)
(-142, -36)
(-142, -35)
(-142, -34)
(-142, -33)
(-142, -32)
(-142, -31)
(-142, -30)
(-142, -29)
(-141, -30)
(-140, -30)
(-139, -30)
(-138, -30)
(-137, -30)
(-136, -30)
(-135, -30)
(-134, -30)
(-133, -29)
(-133, -28)
(-133, -27)
(-133, -26)
(-132, -27)
(-131, -27)
(-130, -27)
(-129, -27)
(-128, -28)
(-127, -28)
(-126, -28)
(-125, -28)
(-124, -28)
(-123, -27)
(-123, -26)
(-123, -25)
(-123, -24)
(-123, -23)
(-122, -22)
(-121, -22)
(-120, -22)
(-119, -22)
(-118, -22)
(-117, -22)
(-116, -23)
(-116, -24)
(-116, -25)
(-116, -26)
(-116, -27)
(-116, -28)
(-117, -29)
(-116, -29)
(-115, -29)
(-114, -29)
(-113, -29)
(-113, -28)
(-113, -27)
(-113, -30)
(-113, -31)
(-114, -32)
(-114, -33)
(-114, -34)
(-114, -35)
(-114, -36)
(-114, -37)
(-114, -38)
(-114, -39)
(-114, -40)
(-113, -36)
(-112, -36)
(-111, -36)
(-110, -35)
(-110, -34)
(-109, -33)
(-107, -33)
(-106, -33)
(-105, -34)
(-105, -35)
(-105, -36)
(-105, -37)
(-105, -38)
(-105, -39)
(-105, -40)
(-105, -41)
(-105, -42)
(-105, -43)
(-104, -44)
(-103, -44)
(-102, -43)
(-105, -44)
(-106, -44)
(-107, -44)
(-108, -44)
(-109, -44)
(-110, -44)
(-111, -44)
(-112, -44)
(-113, -45)
(-113, -46)
(-113, -47)
(-113, -48)
(-113, -49)
(-112, -50)
(-111, -50)
(-110, -50)
(-109, -50)
(-108, -50)
(-107, -50)
(-106, -50)
(-105, -50)
(-104, -50)
(-103, -50)
(-102, -51)
(-102, -52)
(-102, -53)
(-102, -50)
(-102, -49)
(-101, -48)
(-100, -48)
(-99, -49)
(-99, -50)
(-99, -51)
(-99, -52)
(-99, -53)
(-99, -54)
(-99, -55)
(-99, -56)
(-100, -57)
(-101, -56)
(-101, -55)
(-101, -54)
(-101, -53)
(-101, -52)
(-101, -51)
(-101, -50)
(-101, -49)
(-100, -47)
(-99, -48)
(-100, -52)
(-103, -52)
(-104, -52)
(-105, -52)
(-106, -52)
(-107, -52)
(-106, -51)
(-105, -51)
(-104, -51)
(-103, -51)
(-100, -50)
(-100, -49)
(-100, -46)
(-100, -45)
(-100, -44)
(-100, -43)
(-100, -42)
(-101, -41)
(-102, -41)
(-103, -41)
(-104, -41)
(-106, -41)
(-107, -40)
(-107, -39)
(-107, -38)
(-107, -37)
(-107, -36)
(-107, -35)
(-107, -34)
(-105, -33)
(-104, -33)
(-103, -33)
(-102, -33)
(-101, -33)
(-100, -34)
(-100, -35)
(-100, -36)
(-100, -37)
(-100, -38)
(-100, -39)
(-101, -38)
(-102, -39)
(-102, -40)
(-102, -42)
(-103, -43)
(-104, -42)
(-104, -40)
(-104, -39)
(-104, -38)
(-104, -37)
(-104, -36)
(-103, -37)
(-103, -38)
(-103, -39)
(-103, -36)
(-103, -35)
(-103, -34)
(-103, -31)
(-103, -30)
(-109, -29)
(-110, -29)
(-111, -29)
(-107, -30)
(-107, -31)
(-104, -27)
(-103, -28)
(-100, -29)
(-99, -29)
(-98, -29)
(-97, -29)
(-96, -29)
(-95, -29)
(-94, -29)
(-93, -29)
(-92, -26)
(-92, -25)
(-92, -21)
(-91, -20)
(-90, -20)
(-86, -19)
(-86, -18)
(-86, -17)
(-86, -16)
(-86, -15)
(-87, -14)
(-88, -14)
(-89, -14)
(-90, -15)
(-90, -16)
(-91, -19)
(-92, -19)
(-93, -19)
(-94, -19)
(-95, -19)
(-96, -19)
(-97, -19)
(-98, -20)
(-98, -22)
(-98, -19)
(-98, -18)
(-99, -17)
(-100, -17)
(-101, -17)
(-102, -17)
(-103, -17)
(-104, -17)
(-105, -17)
(-106, -17)
(-107, -18)
(-107, -19)
(-107, -20)
(-107, -21)
(-107, -22)
(-108, -18)
(-109, -18)
(-110, -18)
(-106, -16)
(-106, -15)
(-106, -14)
(-106, -13)
(-106, -12)
(-105, -14)
(-104, -14)
(-103, -14)
(-107, -15)
(-107, -16)
(-107, -17)
(-106, -22)
(-105, -22)
(-103, -22)
(-102, -22)
(-100, -22)
(-105, -23)
(-105, -24)
(-112, -29)
(-115, -28)
(-115, -27)
(-115, -26)
(-115, -25)
(-115, -24)
(-115, -23)
(-115, -22)
(-115, -21)
(-116, -20)
(-117, -20)
(-118, -20)
(-115, -20)
(-114, -20)
(-113, -20)
(-112, -20)
(-111, -20)
(-110, -20)
(-109, -21)
(-109, -22)
(-109, -23)
(-109, -24)
(-109, -26)
(-109, -27)
(-98, -30)
(-98, -31)
(-98, -32)
(-99, -32)
(-100, -32)
(-105, -31)
(-106, -30)
(-109, -30)
(-110, -30)
(-111, -30)
(-111, -28)
(-111, -27)
(-111, -26)
(-105, -21)
(-105, -20)
(-105, -19)
(-104, -20)
(-104, -21)
(-108, -22)
(-110, -22)
(-111, -22)
(-112, -21)
(-113, -19)
(-114, -19)
(-115, -19)
(-116, -19)
(-117, -19)
(-118, -19)
(-119, -19)
(-120, -19)
(-112, -22)
(-112, -23)
(-112, -24)
(-112, -25)
(-112, -26)
(-110, -27)
(-106, -31)
(-106, -34)
(-106, -35)
(-106, -36)
(-103, -26)
(-102, -26)
(-100, -26)
(-97, -27)
(-97, -28)
(-116, -22)
(-116, -21)
(-121, -19)
(-122, -18)
(-122, -17)
(-122, -16)
(-122, -15)
(-122, -14)
(-122, -13)
(-122, -12)
(-122, -11)
(-122, -10)
(-122, -9)
(-122, -8)
(-121, -7)
(-120, -7)
(-119, -7)
(-118, -7)
(-117, -7)
(-116, -7)
(-115, -7)
(-114, -8)
(-114, -9)
(-114, -10)
(-114, -11)
(-114, -12)
(-115, -13)
(-116, -13)
(-117, -13)
(-118, -13)
(-119, -13)
(-120, -13)
(-121, -13)
(-123, -13)
(-124, -14)
(-124, -15)
(-124, -16)
(-124, -17)
(-124, -18)
(-125, -19)
(-126, -19)
(-127, -19)
(-128, -19)
(-129, -18)
(-129, -17)
(-129, -16)
(-129, -15)
(-129, -14)
(-129, -13)
(-129, -12)
(-129, -11)
(-129, -10)
(-129, -9)
(-129, -8)
(-128, -11)
(-127, -11)
(-126, -11)
(-125, -11)
(-124, -11)
(-123, -11)
(-121, -11)
(-120, -12)
(-120, -14)
(-120, -15)
(-120, -16)
(-120, -17)
(-120, -18)
(-120, -11)
(-120, -10)
(-112, -19)
(-111, -19)
(-110, -19)
(-109, -20)
(-102, -28)
(-100, -31)
(-100, -30)
(-92, -29)
(-94, -30)
(-94, -31)
(-94, -32)
(-94, -33)
(-94, -28)
(-94, -27)
(-94, -26)
(-94, -25)
(-94, -24)
(-93, -23)
(-91, -23)
(-90, -23)
(-89, -23)
(-88, -23)
(-87, -23)
(-86, -23)
(-85, -22)
(-85, -20)
(-85, -19)
(-85, -18)
(-85, -17)
(-85, -16)
(-85, -15)
(-85, -14)
(-85, -13)
(-85, -12)
(-84, -11)
(-83, -11)
(-82, -11)
(-81, -11)
(-80, -12)
(-79, -12)
(-78, -13)
(-78, -14)
(-78, -15)
(-78, -16)
(-78, -17)
(-78, -18)
(-78, -19)
(-78, -20)
(-77, -21)
(-76, -21)
(-75, -20)
(-75, -19)
(-75, -18)
(-75, -17)
(-75, -16)
(-75, -15)
(-75, -14)
(-75, -13)
(-75, -12)
(-75, -11)
(-76, -10)
(-77, -10)
(-78, -11)
(-78, -12)
(-78, -10)
(-78, -9)
(-78, -8)
(-77, -7)
(-76, -6)
(-76, -5)
(-76, -4)
(-76, -3)
(-76, -2)
(-76, -1)
(-76, 0)
(-76, 1)
(-76, 2)
(-75, 3)
(-74, 3)
(-73, 3)
(-72, 3)
(-71, 3)
(-70, 3)
(-69, 3)
(-68, 3)
(-67, 3)
(-66, 2)
(-66, -2)
(-66, -3)
(-66, -4)
(-66, -5)
(-66, -6)
(-66, -7)
(-67, -6)
(-67, -5)
(-65, -4)
(-64, -4)
(-63, -6)
(-63, -7)
(-63, -8)
(-63, -9)
(-63, -10)
(-63, -11)
(-63, -12)
(-63, -14)
(-61, -14)
(-60, -14)
(-59, -14)
(-58, -14)
(-57, -15)
(-57, -16)
(-57, -17)
(-57, -18)
(-57, -14)
(-57, -13)
(-57, -12)
(-57, -11)
(-57, -10)
(-57, -9)
(-58, -8)
(-60, -8)
(-61, -8)
(-62, -8)
(-64, -9)
(-64, -10)
(-64, -11)
(-64, -12)
(-64, -14)
(-66, -15)
(-67, -15)
(-68, -15)
(-69, -15)
(-70, -15)
(-71, -15)
(-72, -14)
(-72, -13)
(-72, -12)
(-72, -11)
(-72, -10)
(-72, -9)
(-71, -10)
(-70, -10)
(-69, -10)
(-68, -11)
(-68, -12)
(-68, -13)
(-68, -14)
(-68, -16)
(-68, -17)
(-68, -18)
(-68, -19)
(-68, -20)
(-68, -21)
(-68, -22)
(-66, -24)
(-65, -24)
(-64, -24)
(-62, -24)
(-61, -24)
(-60, -24)
(-59, -27)
(-60, -29)
(-61, -32)
(-61, -33)
(-60, -34)
(-60, -35)
(-60, -36)
(-60, -37)
(-61, -38)
(-62, -38)
(-63, -38)
(-64, -38)
(-65, -38)
(-66, -38)
(-67, -38)
(-68, -38)
(-69, -38)
(-71, -38)
(-72, -39)
(-73, -41)
(-74, -41)
(-75, -41)
(-76, -41)
(-77, -41)
(-78, -41)
(-79, -41)
(-80, -40)
(-82, -40)
(-89, -40)
(-90, -40)
(-79, -40)
(-78, -40)
(-77, -40)
(-76, -42)
(-76, -43)
(-76, -44)
(-76, -45)
(-76, -46)
(-76, -47)
(-76, -48)
(-75, -46)
(-74, -46)
(-73, -46)
(-72, -46)
(-71, -46)
(-70, -46)
(-72, -47)
(-73, -47)
(-74, -47)
(-75, -47)
(-77, -47)
(-73, -48)
(-74, -48)
(-75, -48)
(-77, -48)
(-78, -48)
(-79, -48)
(-80, -48)
(-73, -49)
(-73, -50)
(-73, -51)
(-73, -52)
(-73, -53)
(-73, -54)
(-73, -55)
(-73, -56)
(-73, -57)
(-73, -58)
(-72, -59)
(-71, -59)
(-70, -59)
(-69, -59)
(-68, -59)
(-67, -59)
(-66, -59)
(-65, -59)
(-73, -59)
(-74, -59)
(-75, -59)
(-76, -58)
(-76, -57)
(-76, -56)
(-76, -55)
(-76, -54)
(-76, -53)
(-76, -52)
(-76, -51)
(-77, -50)
(-78, -50)
(-79, -50)
(-80, -50)
(-81, -50)
(-82, -50)
(-83, -50)
(-84, -49)
(-84, -48)
(-84, -47)
(-84, -45)
(-84, -44)
(-84, -43)
(-84, -41)
(-84, -39)
(-86, -38)
(-87, -38)
(-92, -38)
(-93, -38)
(-94, -37)
(-94, -36)
(-94, -35)
(-93, -25)
(-89, -25)
(-88, -25)
(-87, -25)
(-86, -25)
(-95, -26)
(-95, -27)
(-95, -28)
(-95, -30)
(-95, -31)
(-95, -32)
(-95, -34)
(-95, -35)
(-95, -36)
(-95, -37)
(-96, -26)
(-97, -26)
(-99, -28)
(-99, -21)
(-99, -20)
(-100, -19)
(-101, -19)
(-102, -19)
(-103, -19)
(-104, -19)
(-106, -19)
(-108, -19)
(-109, -19)
(-104, -18)
(-104, -16)
(-104, -15)
(-104, -13)
(-104, -12)
(-104, -11)
(-105, -10)
(-106, -10)
(-107, -10)
(-108, -10)
(-109, -10)
(-110, -10)
(-111, -10)
(-112, -10)
(-113, -9)
(-113, -8)
(-114, -6)
(-115, -6)
(-116, -6)
(-117, -6)
(-118, -6)
(-119, -6)
(-120, -6)
(-121, -6)
(-122, -5)
(-122, -4)
(-122, -3)
(-122, -2)
(-122, 0)
(-122, 1)
(-122, 2)
(-113, -6)
(-112, -6)
(-122, -6)
(-123, -6)
(-124, -7)
(-124, -6)
(-123, -5)
(-121, -8)
(-121, -5)
(-121, -4)
(-121, -3)
(-121, -2)
(-120, -1)
(-119, -2)
(-119, -3)
(-119, -4)
(-119, -5)
(-119, -8)
(-119, -9)
(-119, -10)
(-120, -20)
(-120, -21)
(-123, -22)
(-124, -22)
(-125, -22)
(-126, -22)
(-127, -22)
(-128, -22)
(-129, -22)
(-130, -22)
(-131, -22)
(-132, -22)
(-133, -23)
(-133, -24)
(-133, -25)
(-133, -30)
(-133, -31)
(-133, -32)
(-133, -33)
(-133, -34)
(-134, -25)
(-135, -25)
(-136, -25)
(-137, -25)
(-138, -25)
(-139, -25)
(-140, -25)
(-141, -25)
(-142, -25)
(-143, -25)
(-144, -25)
(-145, -25)
(-144, -24)
(-144, -23)
(-144, -22)
(-143, -21)
(-142, -21)
(-144, -21)
(-145, -21)
(-146, -21)
(-147, -21)
(-148, -22)
(-148, -23)
(-148, -24)
(-148, -25)
(-148, -26)
(-148, -27)
(-148, -28)
(-148, -29)
(-148, -30)
(-149, -31)
(-150, -31)
(-151, -31)
(-148, -31)
(-147, -31)
(-146, -31)
(-145, -32)
(-145, -33)
(-145, -34)
(-145, -36)
(-145, -37)
(-145, -38)
(-145, -39)
(-145, -40)
(-146, -33)
(-147, -33)
(-148, -33)
(-149, -33)
(-150, -33)
(-151, -33)
(-152, -33)
(-153, -33)
(-154, -32)
(-154, -31)
(-154, -30)
(-154, -33)
(-153, -34)
(-152, -34)
(-151, -34)
(-150, -34)
(-149, -34)
(-148, -34)
(-147, -34)
(-146, -34)
(-144, -34)
(-143, -34)
(-141, -35)
(-140, -35)
(-139, -35)
(-138, -35)
(-137, -35)
(-136, -35)
(-135, -35)
(-134, -35)
(-134, -29)
(-135, -28)
(-135, -27)
(-135, -26)
(-135, -24)
(-134, -23)
(-132, -23)
(-131, -23)
(-130, -23)
(-129, -23)
(-128, -23)
(-127, -23)
(-126, -23)
(-125, -23)
(-124, -23)
(-123, -28)
(-123, -29)
(-123, -30)
(-123, -31)
(-123, -32)
(-123, -33)
(-124, -34)
(-125, -34)
(-126, -34)
(-127, -34)
(-128, -34)
(-129, -34)
(-130, -34)
(-131, -34)
(-132, -34)
(-134, -34)
(-134, -33)
(-134, -32)
(-134, -31)
(-134, -28)
(-134, -27)
(-134, -26)
(-146, -25)
(-147, -25)
(-143, -26)
(-143, -27)
(-143, -28)
(-143, -29)
(-132, -30)
(-131, -30)
(-137, -31)
(-137, -32)
(-137, -33)
(-137, -34)
(-146, -36)
(-146, -37)
(-146, -38)
(-146, -39)
(-146, -40)
(-146, -41)
(-146, -42)
(-146, -43)
(-146, -44)
(-151, -35)
(-152, -35)
(-153, -35)
(-154, -35)
(-155, -35)
(-155, -33)
(-156, -32)
(-156, -31)
(-156, -30)
(-156, -29)
(-156, -28)
(-156, -27)
(-156, -26)
(-156, -25)
(-156, -24)
(-156, -23)
(-156, -22)
(-156, -21)
(-157, -20)
(-159, -20)
(-160, -20)
(-161, -20)
(-162, -20)
(-163, -18)
(-163, -17)
(-163, -16)
(-163, -15)
(-163, -13)
(-163, -11)
(-163, -8)
(-163, -7)
(-162, -6)
(-161, -6)
(-160, -6)
(-155, -9)
(-154, -9)
(-153, -9)
(-152, -9)
(-151, -9)
(-150, -9)
(-149, -9)
(-148, -9)
(-147, -9)
(-146, -9)
(-145, -10)
(-145, -11)
(-145, -12)
(-145, -13)
(-145, -14)
(-145, -15)
(-145, -16)
(-145, -17)
(-145, -18)
(-145, -19)
(-145, -20)
(-141, -21)
(-140, -21)
(-139, -21)
(-138, -21)
(-137, -21)
(-136, -21)
(-135, -22)
(-135, -23)
(-135, -29)
(-135, -21)
(-135, -20)
(-135, -19)
(-135, -18)
(-135, -17)
(-134, -16)
(-133, -17)
(-133, -18)
(-133, -19)
(-133, -20)
(-133, -16)
(-133, -15)
(-133, -14)
(-133, -13)
(-133, -12)
(-133, -11)
(-133, -10)
(-132, -12)
(-131, -12)
(-130, -12)
(-134, -12)
(-135, -12)
(-130, -13)
(-130, -14)
(-130, -15)
(-130, -16)
(-128, -17)
(-127, -17)
(-126, -17)
(-125, -17)
(-123, -17)
(-121, -17)
(-119, -17)
(-118, -17)
(-117, -18)
(-117, -21)
(-117, -23)
(-117, -24)
(-117, -25)
(-117, -26)
(-117, -27)
(-117, -28)
(-116, -30)
(-115, -30)
(-114, -30)
(-112, -30)
(-112, -27)
(-114, -27)
(-118, -28)
(-119, -29)
(-120, -29)
(-121, -30)
(-121, -31)
(-121, -32)
(-121, -33)
(-121, -34)
(-121, -35)
(-121, -36)
(-121, -37)
(-121, -38)
(-121, -39)
(-121, -40)
(-121, -41)
(-122, -42)
(-123, -42)
(-124, -42)
(-125, -42)
(-126, -42)
(-127, -42)
(-128, -42)
(-129, -41)
(-129, -40)
(-129, -39)
(-129, -38)
(-129, -37)
(-129, -36)
(-129, -35)
(-129, -33)
(-130, -32)
(-131, -32)
(-132, -32)
(-135, -33)
(-135, -34)
(-135, -36)
(-135, -37)
(-135, -38)
(-135, -39)
(-135, -40)
(-135, -41)
(-135, -42)
(-135, -43)
(-135, -44)
(-136, -45)
(-137, -45)
(-138, -45)
(-139, -45)
(-140, -45)
(-141, -46)
(-141, -47)
(-141, -48)
(-141, -49)
(-141, -50)
(-141, -51)
(-141, -52)
(-141, -53)
(-141, -54)
(-141, -55)
(-140, -56)
(-139, -56)
(-138, -56)
(-137, -56)
(-136, -56)
(-135, -56)
(-134, -56)
(-133, -56)
(-132, -56)
(-138, -55)
(-138, -57)
(-139, -58)
(-140, -58)
(-141, -58)
(-142, -58)
(-143, -58)
(-144, -58)
(-145, -58)
(-146, -58)
(-147, -58)
(-148, -58)
(-149, -58)
(-150, -58)
(-146, -59)
(-146, -60)
(-146, -61)
(-146, -62)
(-146, -63)
(-146, -64)
(-146, -65)
(-146, -66)
(-146, -67)
(-146, -57)
(-146, -56)
(-146, -55)
(-147, -54)
(-148, -54)
(-149, -53)
(-149, -52)
(-149, -51)
(-149, -50)
(-149, -49)
(-149, -48)
(-149, -47)
(-149, -46)
(-149, -45)
(-149, -44)
(-149, -43)
(-149, -42)
(-150, -41)
(-152, -41)
(-153, -41)
(-154, -41)
(-155, -41)
(-156, -41)
(-157, -41)
(-158, -41)
(-159, -41)
(-160, -41)
(-161, -41)
(-162, -40)
(-162, -39)
(-162, -38)
(-162, -36)
(-162, -35)
(-162, -34)
(-162, -33)
(-162, -32)
(-162, -31)
(-163, -30)
(-164, -30)
(-165, -30)
(-166, -30)
(-167, -30)
(-168, -30)
(-169, -31)
(-169, -32)
(-169, -33)
(-169, -35)
(-168, -36)
(-166, -36)
(-165, -36)
(-164, -35)
(-164, -34)
(-164, -33)
(-164, -32)
(-164, -31)
(-164, -29)
(-164, -28)
(-165, -27)
(-166, -27)
(-164, -27)
(-163, -27)
(-162, -27)
(-160, -27)
(-159, -27)
(-158, -27)
(-157, -27)
(-155, -27)
(-154, -27)
(-153, -27)
(-162, -26)
(-162, -25)
(-162, -24)
(-162, -22)
(-162, -21)
(-162, -18)
(-162, -17)
(-160, -16)
(-159, -17)
(-159, -18)
(-159, -16)
(-159, -15)
(-160, -13)
(-164, -13)
(-165, -13)
(-166, -15)
(-166, -16)
(-166, -17)
(-166, -18)
(-166, -19)
(-166, -22)
(-166, -23)
(-166, -24)
(-166, -25)
(-164, -26)
(-163, -26)
(-160, -26)
(-159, -26)
(-158, -25)
(-158, -24)
(-158, -23)
(-156, -20)
(-155, -19)
(-145, -9)
(-144, -8)
(-144, -7)
(-144, -6)
(-144, -5)
(-144, -4)
(-143, -4)
(-142, -4)
(-141, -4)
(-140, -4)
(-139, -4)
(-138, -4)
(-137, -4)
(-136, -4)
(-142, -2)
(-142, -1)
(-142, 0)
(-142, 1)
(-142, 2)
(-141, 3)
(-140, 3)
(-139, 3)
(-138, 3)
(-137, 3)
(-136, 3)
(-134, 3)
(-133, 3)
(-132, 3)
(-131, 3)
(-130, 3)
(-129, 3)
(-128, 3)
(-126, 3)
(-125, 4)
(-125, 5)
(-125, 6)
(-125, 7)
(-125, 8)
(-125, 9)
(-125, 10)
(-125, 11)
(-125, 12)
(-125, 13)
(-125, 14)
(-125, 15)
(-125, 16)
(-124, 7)
(-123, 7)
(-122, 7)
(-121, 7)
(-119, 7)
(-118, 7)
(-117, 7)
(-116, 7)
(-115, 7)
(-114, 7)
(-113, 7)
(-112, 6)
(-112, 5)
(-112, 4)
(-112, 3)
(-112, 2)
(-112, 1)
(-112, 0)
(-112, -2)
(-112, -3)
(-113, -5)
(-114, -5)
(-115, -5)
(-117, -5)
(-118, -5)
(-119, -1)
(-119, 5)
(-119, 6)
(-119, 8)
(-118, 1)
(-117, 1)
(-116, 1)
(-115, 1)
(-114, 0)
(-114, -2)
(-114, 1)
(-114, -3)
(-115, -12)
(-116, -12)
(-117, -14)
(-117, -12)
(-117, -11)
(-117, -10)
(-117, -9)
(-117, -8)
(-117, -4)
(-117, -3)
(-110, -4)
(-109, -4)
(-108, -5)
(-108, -6)
(-108, -8)
(-108, -9)
(-109, -9)
(-110, -9)
(-111, -9)
(-112, -9)
(-115, -9)
(-116, -9)
(-118, -10)
(-118, -11)
(-113, -12)
(-112, -12)
(-111, -12)
(-110, -12)
(-109, -12)
(-108, -12)
(-107, -12)
(-110, -11)
(-110, -8)
(-110, -6)
(-110, -5)
(-110, -3)
(-110, -2)
(-110, -1)
(-110, 0)
(-107, -9)
(-106, -9)
(-105, -9)
(-104, -9)
(-102, -9)
(-101, -9)
(-100, -9)
(-99, -9)
(-98, -8)
(-98, -7)
(-98, -6)
(-98, -5)
(-98, -4)
(-98, -3)
(-98, -9)
(-99, -12)
(-100, -12)
(-101, -12)
(-102, -12)
(-103, -12)
(-105, -12)
(-118, -4)
(-120, -4)
(-123, -3)
(-123, -2)
(-123, 0)
(-123, 1)
(-123, 2)
(-123, 3)
(-123, 4)
(-123, 5)
(-123, 6)
(-123, 8)
(-123, 9)
(-124, 10)
(-126, 10)
(-127, 11)
(-127, 12)
(-127, 13)
(-128, 14)
(-129, 14)
(-130, 14)
(-131, 14)
(-132, 13)
(-132, 12)
(-132, 11)
(-132, 10)
(-132, 9)
(-132, 8)
(-132, 7)
(-132, 6)
(-132, 4)
(-133, 7)
(-134, 6)
(-134, 4)
(-134, 2)
(-134, 1)
(-134, 0)
(-134, -1)
(-136, 1)
(-137, 2)
(-137, 4)
(-137, 5)
(-137, 6)
(-137, 7)
(-137, 8)
(-137, 9)
(-137, 10)
(-137, 11)
(-137, 12)
(-138, 13)
(-139, 13)
(-140, 13)
(-141, 13)
(-142, 13)
(-143, 13)
(-144, 13)
(-145, 13)
(-146, 13)
(-147, 13)
(-148, 13)
(-149, 13)
(-150, 13)
(-137, 13)
(-146, 12)
(-146, 14)
(-146, 15)
(-146, 16)
(-146, 17)
(-146, 18)
(-146, 19)
(-146, 20)
(-146, 11)
(-146, 10)
(-146, 9)
(-146, 8)
(-145, 7)
(-144, 7)
(-143, 7)
(-142, 7)
(-146, 7)
(-148, 7)
(-149, 7)
(-150, 7)
(-151, 7)
(-152, 7)
(-148, 8)
(-145, 8)
(-144, 8)
(-143, 8)
(-142, 8)
(-141, 8)
(-140, 8)
(-139, 8)
(-138, 8)
(-136, 9)
(-136, 10)
(-136, 11)
(-136, 12)
(-136, 13)
(-136, 14)
(-136, 15)
(-136, 16)
(-136, 17)
(-135, 18)
(-134, 18)
(-133, 18)
(-132, 18)
(-131, 18)
(-130, 18)
(-129, 18)
(-128, 18)
(-127, 18)
(-126, 18)
(-125, 18)
(-129, 17)
(-129, 16)
(-129, 15)
(-129, 13)
(-129, 12)
(-129, 11)
(-129, 19)
(-129, 20)
(-129, 21)
(-128, 17)
(-130, 17)
(-131, 19)
(-131, 20)
(-131, 21)
(-131, 22)
(-131, 23)
(-131, 24)
(-131, 25)
(-131, 26)
(-131, 27)
(-131, 28)
(-130, 23)
(-129, 23)
(-128, 23)
(-127, 23)
(-126, 23)
(-125, 23)
(-124, 23)
(-123, 23)
(-122, 23)
(-121, 23)
(-120, 23)
(-119, 23)
(-118, 23)
(-117, 24)
(-117, 25)
(-117, 26)
(-117, 27)
(-117, 28)
(-117, 29)
(-117, 30)
(-117, 31)
(-117, 32)
(-117, 33)
(-117, 34)
(-117, 35)
(-117, 36)
(-116, 37)
(-115, 37)
(-114, 37)
(-113, 37)
(-112, 37)
(-111, 37)
(-110, 37)
(-109, 37)
(-108, 37)
(-107, 38)
(-107, 39)
(-107, 40)
(-107, 41)
(-107, 42)
(-107, 43)
(-107, 44)
(-107, 37)
(-107, 36)
(-107, 35)
(-107, 34)
(-108, 33)
(-109, 33)
(-110, 33)
(-111, 33)
(-112, 33)
(-113, 33)
(-114, 32)
(-115, 31)
(-116, 31)
(-118, 31)
(-119, 31)
(-120, 31)
(-121, 31)
(-122, 31)
(-123, 31)
(-124, 31)
(-125, 31)
(-126, 31)
(-127, 31)
(-128, 31)
(-129, 32)
(-129, 33)
(-129, 34)
(-129, 35)
(-129, 36)
(-129, 37)
(-129, 38)
(-129, 39)
(-129, 40)
(-129, 41)
(-128, 40)
(-128, 39)
(-128, 38)
(-128, 37)
(-128, 36)
(-128, 35)
(-128, 34)
(-128, 33)
(-128, 32)
(-128, 30)
(-127, 29)
(-126, 29)
(-125, 29)
(-124, 29)
(-123, 29)
(-122, 30)
(-122, 32)
(-122, 33)
(-122, 34)
(-122, 35)
(-122, 36)
(-123, 37)
(-124, 37)
(-125, 37)
(-123, 38)
(-123, 39)
(-123, 40)
(-123, 41)
(-123, 42)
(-123, 43)
(-124, 43)
(-125, 43)
(-126, 43)
(-127, 43)
(-128, 43)
(-129, 43)
(-130, 43)
(-131, 42)
(-131, 41)
(-131, 40)
(-131, 39)
(-131, 38)
(-131, 37)
(-131, 36)
(-131, 35)
(-131, 34)
(-131, 33)
(-131, 32)
(-131, 31)
(-131, 30)
(-131, 29)
(-132, 31)
(-133, 31)
(-134, 31)
(-135, 31)
(-136, 31)
(-137, 31)
(-138, 31)
(-139, 31)
(-130, 30)
(-130, 29)
(-130, 28)
(-130, 31)
(-130, 32)
(-130, 33)
(-130, 34)
(-128, 41)
(-128, 42)
(-128, 44)
(-128, 45)
(-128, 46)
(-128, 47)
(-129, 48)
(-130, 48)
(-131, 48)
(-132, 48)
(-133, 48)
(-134, 48)
(-135, 48)
(-136, 48)
(-137, 48)
(-138, 48)
(-139, 48)
(-140, 48)
(-141, 47)
(-141, 46)
(-141, 45)
(-141, 48)
(-141, 49)
(-141, 50)
(-141, 51)
(-141, 52)
(-141, 53)
(-142, 54)
(-143, 54)
(-144, 54)
(-145, 54)
(-146, 54)
(-147, 54)
(-148, 54)
(-149, 54)
(-150, 54)
(-151, 54)
(-152, 54)
(-141, 54)
(-140, 54)
(-139, 53)
(-139, 52)
(-139, 51)
(-139, 50)
(-139, 49)
(-139, 47)
(-139, 46)
(-140, 45)
(-142, 45)
(-143, 46)
(-143, 47)
(-143, 48)
(-143, 49)
(-143, 50)
(-142, 51)
(-141, 44)
(-142, 43)
(-143, 43)
(-144, 43)
(-145, 43)
(-146, 43)
(-141, 43)
(-140, 43)
(-139, 43)
(-138, 42)
(-138, 41)
(-138, 40)
(-139, 39)
(-140, 39)
(-141, 39)
(-142, 39)
(-143, 39)
(-144, 39)
(-145, 39)
(-146, 39)
(-147, 38)
(-147, 37)
(-147, 36)
(-147, 35)
(-147, 34)
(-147, 33)
(-147, 32)
(-148, 31)
(-149, 31)
(-150, 31)
(-151, 31)
(-152, 31)
(-153, 31)
(-154, 31)
(-155, 31)
(-156, 30)
(-156, 29)
(-156, 28)
(-156, 27)
(-156, 26)
(-156, 25)
(-156, 24)
(-156, 23)
(-155, 22)
(-154, 22)
(-153, 22)
(-152, 22)
(-151, 22)
(-156, 22)
(-157, 22)
(-158, 22)
(-159, 22)
(-160, 22)
(-161, 22)
(-162, 12)
(-162, 11)
(-161, 10)
(-160, 10)
(-159, 10)
(-158, 10)
(-157, 10)
(-156, 10)
(-155, 10)
(-154, 10)
(-153, 10)
(-152, 10)
(-151, 10)
(-150, 10)
(-149, 10)
(-148, 9)
(-146, 6)
(-145, 6)
(-144, 6)
(-143, 6)
(-142, 6)
(-147, 15)
(-148, 15)
(-149, 15)
(-150, 15)
(-151, 15)
(-158, 16)
(-157, 16)
(-155, 16)
(-154, 16)
(-153, 16)
(-152, 16)
(-151, 16)
(-150, 17)
(-150, 18)
(-150, 19)
(-149, 20)
(-148, 20)
(-147, 20)
(-145, 21)
(-145, 22)
(-145, 23)
(-145, 24)
(-145, 25)
(-144, 26)
(-143, 26)
(-142, 26)
(-141, 26)
(-140, 26)
(-139, 26)
(-138, 26)
(-137, 26)
(-136, 26)
(-135, 26)
(-134, 26)
(-133, 26)
(-132, 26)
(-130, 25)
(-130, 24)
(-130, 22)
(-130, 21)
(-130, 20)
(-130, 19)
(-130, 16)
(-130, 15)
(-130, 13)
(-130, 12)
(-131, 11)
(-133, 11)
(-134, 11)
(-135, 11)
(-138, 11)
(-139, 12)
(-140, 14)
(-141, 14)
(-142, 14)
(-143, 14)
(-144, 14)
(-145, 14)
(-147, 14)
(-148, 12)
(-148, 10)
(-148, 6)
(-148, 5)
(-148, 4)
(-149, 3)
(-151, 3)
(-152, 3)
(-153, 3)
(-154, 3)
(-155, 3)
(-156, 2)
(-156, 1)
(-156, 0)
(-156, -1)
(-156, -2)
(-156, -3)
(-156, -4)
(-156, -5)
(-158, -6)
(-159, -6)
(-163, -6)
(-164, -6)
(-165, -6)
(-167, -6)
(-168, -6)
(-171, -8)
(-171, -9)
(-171, -10)
(-171, -11)
(-171, -13)
(-171, -14)
(-171, -15)
(-171, -18)
(-175, -20)
(-180, -20)
(-167, -17)
(-165, -18)
(-165, -20)
(-165, -22)
(-165, -23)
(-165, -24)
(-163, -25)
(-161, -22)
(-161, -21)
(-161, -18)
(-161, -17)
(-167, -27)
(-168, -27)
(-169, -27)
(-170, -27)
(-171, -27)
(-172, -27)
(-173, -27)
(-174, -27)
(-175, -27)
(-175, -26)
(-175, -24)
(-175, -23)
(-177, -15)
(-178, -15)
(-179, -15)
(-180, -15)
(-181, -15)
(-182, -15)
(-183, -15)
(-184, -15)
(-185, -14)
(-185, -13)
(-185, -15)
(-185, -16)
(-185, -17)
(-185, -18)
(-185, -19)
(-185, -20)
(-185, -21)
(-185, -22)
(-185, -23)
(-185, -24)
(-185, -25)
(-185, -26)
(-185, -27)
(-184, -21)
(-183, -21)
(-182, -21)
(-181, -21)
(-180, -21)
(-177, -21)
(-172, -16)
(-172, -15)
(-172, -14)
(-172, -13)
(-172, -11)
(-173, -10)
(-174, -10)
(-175, -10)
(-177, -10)
(-178, -10)
(-179, -11)
(-179, -12)
(-179, -13)
(-179, -14)
(-179, -16)
(-179, -10)
(-179, -9)
(-179, -8)
(-179, -7)
(-179, -6)
(-179, -5)
(-179, -4)
(-179, -3)
(-179, -2)
(-180, -1)
(-181, -1)
(-182, -1)
(-183, -1)
(-184, -1)
(-185, -1)
(-186, -1)
(-187, -1)
(-188, -1)
(-189, -1)
(-190, -1)
(-191, -1)
(-192, -1)
(-193, -1)
(-194, -1)
(-195, 0)
(-195, 1)
(-196, 2)
(-197, 2)
(-198, 2)
(-199, 2)
(-200, 2)
(-201, 2)
(-202, 2)
(-203, 2)
(-204, 2)
(-205, 2)
(-206, 2)
(-207, 3)
(-207, 4)
(-207, 5)
(-207, 6)
(-207, 7)
(-207, 8)
(-207, 9)
(-207, 10)
(-207, 11)
(-207, 12)
(-207, 13)
(-207, 14)
(-207, 15)
(-206, 16)
(-205, 16)
(-204, 16)
(-203, 16)
(-202, 16)
(-201, 16)
(-200, 16)
(-199, 16)
(-198, 16)
(-197, 16)
(-196, 17)
(-196, 18)
(-196, 19)
(-196, 20)
(-196, 21)
(-196, 22)
(-196, 23)
(-196, 24)
(-196, 25)
(-196, 26)
(-196, 27)
(-196, 28)
(-196, 29)
(-196, 30)
(-195, 31)
(-194, 30)
(-194, 29)
(-194, 28)
(-194, 27)
(-194, 26)
(-194, 25)
(-194, 24)
(-194, 23)
(-194, 22)
(-193, 21)
(-192, 21)
(-191, 21)
(-190, 21)
(-189, 21)
(-188, 21)
(-187, 21)
(-186, 21)
(-185, 21)
(-184, 22)
(-183, 22)
(-182, 22)
(-181, 22)
(-180, 22)
(-179, 22)
(-178, 22)
(-177, 22)
(-176, 22)
(-175, 21)
(-175, 20)
(-175, 19)
(-175, 18)
(-175, 17)
(-175, 16)
(-175, 15)
(-175, 14)
(-175, 13)
(-175, 12)
(-175, 11)
(-175, 10)
(-175, 9)
(-175, 8)
(-175, 7)
(-175, 6)
(-175, 5)
(-175, 4)
(-174, 10)
(-173, 10)
(-172, 10)
(-171, 10)
(-170, 10)
(-169, 10)
(-168, 10)
(-167, 10)
(-165, 10)
(-164, 10)
(-163, 10)
(-162, 10)
(-171, 11)
(-172, 11)
(-173, 11)
(-174, 11)
(-176, 11)
(-177, 11)
(-178, 11)
(-179, 11)
(-180, 12)
(-179, 13)
(-178, 13)
(-177, 13)
(-176, 13)
(-174, 13)
(-173, 13)
(-172, 13)
(-171, 13)
(-176, 12)
(-176, 10)
(-176, 9)
(-176, 8)
(-177, 7)
(-178, 7)
(-179, 7)
(-180, 7)
(-181, 7)
(-182, 7)
(-183, 7)
(-184, 7)
(-185, 7)
(-186, 7)
(-187, 7)
(-188, 7)
(-189, 7)
(-190, 7)
(-191, 7)
(-180, 8)
(-180, 9)
(-180, 10)
(-180, 11)
(-180, 13)
(-181, 12)
(-181, 13)
(-181, 14)
(-181, 15)
(-181, 16)
(-181, 17)
(-181, 18)
(-181, 19)
(-181, 20)
(-181, 21)
(-181, 23)
(-181, 24)
(-181, 25)
(-181, 26)
(-180, 27)
(-180, 28)
(-180, 29)
(-180, 30)
(-180, 31)
(-180, 32)
(-180, 33)
(-180, 34)
(-179, 35)
(-178, 35)
(-177, 35)
(-176, 35)
(-175, 35)
(-174, 35)
(-173, 35)
(-172, 35)
(-171, 35)
(-170, 35)
(-169, 35)
(-168, 35)
(-167, 35)
(-166, 35)
(-169, 34)
(-169, 33)
(-169, 32)
(-169, 31)
(-169, 30)
(-169, 29)
(-169, 28)
(-169, 27)
(-169, 26)
(-168, 25)
(-167, 25)
(-166, 25)
(-165, 25)
(-164, 25)
(-163, 25)
(-162, 25)
(-161, 25)
(-160, 25)
(-159, 25)
(-158, 25)
(-157, 25)
(-155, 24)
(-155, 23)
(-154, 21)
(-153, 21)
(-152, 21)
(-151, 21)
(-150, 21)
(-149, 21)
(-148, 21)
(-147, 21)
(-146, 21)
(-144, 21)
(-143, 21)
(-142, 21)
(-141, 21)
(-147, 22)
(-147, 23)
(-147, 24)
(-147, 25)
(-147, 26)
(-147, 27)
(-148, 28)
(-149, 28)
(-150, 28)
(-151, 28)
(-152, 28)
(-153, 28)
(-154, 28)
(-155, 28)
(-157, 28)
(-157, 29)
(-157, 30)
(-157, 31)
(-157, 27)
(-157, 26)
(-157, 24)
(-157, 23)
(-157, 21)
(-158, 20)
(-160, 20)
(-161, 20)
(-163, 20)
(-164, 20)
(-165, 20)
(-166, 20)
(-167, 20)
(-168, 20)
(-169, 20)
(-170, 20)
(-171, 20)
(-157, 20)
(-156, 19)
(-156, 18)
(-156, 13)
(-156, 12)
(-156, 11)
(-156, 20)
(-156, 21)
(-155, 11)
(-154, 12)
(-154, 13)
(-153, 12)
(-152, 12)
(-150, 12)
(-149, 12)
(-147, 12)
(-145, 12)
(-144, 12)
(-143, 12)
(-142, 11)
(-142, 10)
(-142, 9)
(-143, 5)
(-144, 5)
(-145, 5)
(-147, 5)
(-149, 5)
(-151, 8)
(-151, 9)
(-151, 11)
(-152, 17)
(-153, 17)
(-154, 17)
(-155, 17)
(-157, 17)
(-158, 17)
(-159, 17)
(-160, 17)
(-161, 17)
(-163, 17)
(-164, 17)
(-165, 17)
(-166, 17)
(-167, 18)
(-167, 19)
(-168, 21)
(-169, 21)
(-170, 21)
(-169, 22)
(-168, 22)
(-167, 22)
(-166, 22)
(-165, 22)
(-164, 22)
(-163, 22)
(-170, 22)
(-171, 22)
(-171, 23)
(-171, 24)
(-171, 25)
(-171, 26)
(-171, 27)
(-172, 28)
(-173, 28)
(-174, 28)
(-175, 28)
(-176, 28)
(-177, 28)
(-178, 28)
(-179, 28)
(-181, 28)
(-182, 28)
(-171, 21)
(-172, 24)
(-173, 24)
(-170, 24)
(-169, 24)
(-174, 24)
(-175, 24)
(-176, 24)
(-177, 24)
(-178, 24)
(-179, 24)
(-180, 23)
(-180, 21)
(-180, 20)
(-180, 19)
(-180, 18)
(-180, 17)
(-180, 16)
(-180, 15)
(-180, 14)
(-179, 15)
(-178, 15)
(-177, 15)
(-176, 15)
(-174, 14)
(-174, 12)
(-174, 9)
(-174, 8)
(-174, 7)
(-174, 6)
(-174, 5)
(-173, 4)
(-172, 4)
(-171, 4)
(-170, 4)
(-169, 4)
(-168, 4)
(-166, 4)
(-165, 4)
(-164, 4)
(-163, 3)
(-163, 2)
(-163, 1)
(-163, 0)
(-163, -1)
(-163, -2)
(-163, -3)
(-163, -4)
(-163, -5)
(-164, -8)
(-165, -8)
(-172, -8)
(-173, -8)
(-172, -9)
(-172, -10)
(-172, -24)
(-171, -26)
(-170, -26)
(-169, -26)
(-163, -24)
(-163, -22)
(-163, -20)
(-167, -13)
(-168, -15)
(-183, -16)
(-184, -16)
(-186, -16)
(-187, -16)
(-188, -16)
(-189, -16)
(-182, -16)
(-181, -16)
(-180, -16)
(-178, -16)
(-179, -1)
(-180, 0)
(-181, 0)
(-182, 0)
(-183, 0)
(-184, 0)
(-185, 0)
(-186, 0)
(-187, 0)
(-188, 0)
(-189, 1)
(-189, 2)
(-189, 3)
(-189, 4)
(-189, 5)
(-189, 6)
(-189, 8)
(-189, 9)
(-189, 10)
(-189, 11)
(-189, 12)
(-189, 13)
(-188, 14)
(-187, 14)
(-186, 14)
(-185, 14)
(-184, 14)
(-183, 14)
(-182, 14)
(-180, 6)
(-180, 5)
(-180, 4)
(-180, 3)
(-180, 2)
(-180, 1)
(-189, 0)
(-190, 0)
(-191, 0)
(-192, 0)
(-193, 0)
(-194, 0)
(-195, 2)
(-195, 3)
(-195, 4)
(-195, 5)
(-195, 6)
(-195, 7)
(-195, 8)
(-195, 9)
(-195, 10)
(-195, 11)
(-196, 12)
(-197, 12)
(-198, 12)
(-199, 12)
(-200, 12)
(-201, 12)
(-202, 12)
(-203, 12)
(-204, 12)
(-205, 12)
(-206, 12)
(-207, 16)
(-208, 17)
(-209, 17)
(-210, 17)
(-211, 17)
(-212, 17)
(-213, 17)
(-214, 17)
(-215, 17)
(-216, 17)
(-217, 17)
(-218, 17)
(-219, 17)
(-220, 17)
(-207, 17)
(-206, 17)
(-205, 17)
(-217, 16)
(-217, 15)
(-217, 14)
(-217, 13)
(-217, 12)
(-217, 11)
(-217, 10)
(-217, 9)
(-217, 8)
(-217, 7)
(-217, 6)
(-217, 5)
(-217, 4)
(-216, 3)
(-215, 3)
(-214, 3)
(-213, 3)
(-212, 3)
(-211, 3)
(-210, 3)
(-209, 3)
(-208, 3)
(-206, 3)
(-205, 3)
(-204, 3)
(-203, 3)
(-202, 3)
(-201, 3)
(-212, 2)
(-212, 1)
(-212, 0)
(-212, -1)
(-212, -2)
(-212, -3)
(-212, -4)
(-212, -5)
(-212, 4)
(-212, 5)
(-212, 6)
(-212, 7)
(-212, 8)
(-212, 9)
(-211, 10)
(-211, 11)
(-211, 12)
(-211, 13)
(-211, 14)
(-210, 15)
(-209, 15)
(-208, 15)
(-207, 18)
(-207, 19)
(-207, 20)
(-207, 21)
(-207, 22)
(-207, 23)
(-207, 24)
(-207, 25)
(-207, 26)
(-206, 27)
(-205, 27)
(-204, 27)
(-203, 27)
(-202, 27)
(-201, 27)
(-200, 27)
(-199, 27)
(-198, 27)
(-197, 27)
(-195, 27)
(-207, 27)
(-208, 27)
(-209, 28)
(-209, 29)
(-209, 30)
(-209, 31)
(-208, 32)
(-207, 32)
(-206, 32)
(-205, 32)
(-204, 32)
(-203, 32)
(-202, 31)
(-202, 30)
(-202, 29)
(-202, 28)
(-209, 27)
(-210, 27)
(-211, 27)
(-211, 26)
(-211, 25)
(-211, 24)
(-210, 23)
(-209, 23)
(-208, 23)
(-211, 23)
(-212, 23)
(-213, 23)
(-214, 23)
(-215, 23)
(-216, 23)
(-217, 23)
(-218, 23)
(-219, 23)
(-220, 23)
(-221, 23)
(-222, 24)
(-222, 25)
(-222, 26)
(-222, 27)
(-222, 28)
(-222, 29)
(-222, 30)
(-222, 31)
(-222, 32)
(-222, 33)
(-222, 23)
(-222, 22)
(-223, 32)
(-224, 32)
(-225, 32)
(-226, 32)
(-227, 32)
(-228, 32)
(-229, 32)
(-230, 32)
(-231, 32)
(-232, 32)
(-233, 31)
(-232, 31)
(-231, 33)
(-231, 34)
(-231, 35)
(-231, 36)
(-231, 37)
(-231, 38)
(-231, 39)
(-231, 40)
(-231, 41)
(-231, 42)
(-231, 43)
(-232, 34)
(-233, 34)
(-234, 34)
(-235, 34)
(-236, 34)
(-237, 34)
(-238, 34)
(-239, 34)
(-240, 34)
(-241, 34)
(-242, 34)
(-243, 34)
(-244, 34)
(-245, 34)
(-246, 34)
(-247, 34)
(-248, 35)
(-248, 36)
(-248, 37)
(-248, 38)
(-248, 39)
(-248, 40)
(-248, 41)
(-248, 42)
(-248, 43)
(-248, 44)
(-249, 45)
(-250, 45)
(-251, 45)
(-252, 45)
(-253, 45)
(-254, 45)
(-255, 45)
(-256, 45)
(-257, 45)
(-258, 44)
(-258, 43)
(-258, 42)
(-258, 41)
(-258, 40)
(-258, 39)
(-258, 38)
(-258, 37)
(-258, 36)
(-259, 35)
(-260, 35)
(-261, 35)
(-262, 35)
(-263, 35)
(-264, 35)
(-265, 35)
(-266, 35)
(-267, 35)
(-268, 35)
(-269, 35)
(-270, 36)
(-270, 37)
(-270, 38)
(-270, 39)
(-270, 40)
(-270, 41)
(-270, 42)
(-270, 43)
(-270, 44)
(-271, 45)
(-272, 45)
(-273, 45)
(-274, 45)
(-275, 45)
(-276, 45)
(-277, 45)
(-278, 45)
(-279, 45)
(-280, 45)
(-281, 46)
(-281, 47)
(-281, 48)
(-281, 49)
(-281, 50)
(-281, 51)
(-280, 52)
(-279, 52)
(-278, 52)
(-277, 52)
(-276, 52)
(-275, 52)
(-274, 52)
(-273, 52)
(-272, 52)
(-271, 52)
(-270, 52)
(-269, 52)
(-268, 52)
(-267, 52)
(-266, 52)
(-265, 52)
(-264, 52)
(-263, 52)
(-262, 52)
(-261, 52)
(-260, 52)
(-259, 52)
(-258, 52)
(-257, 52)
(-256, 52)
(-255, 52)
(-254, 52)
(-253, 52)
(-252, 52)
(-251, 53)
(-251, 54)
(-251, 55)
(-251, 56)
(-251, 57)
(-251, 58)
(-251, 59)
(-251, 60)
(-251, 61)
(-251, 62)
(-251, 63)
(-251, 64)
(-251, 65)
(-251, 66)
(-251, 67)
(-251, 68)
(-250, 69)
(-249, 69)
(-248, 69)
(-247, 69)
(-246, 69)
(-245, 69)
(-244, 69)
(-243, 68)
(-243, 67)
(-243, 66)
(-243, 65)
(-243, 64)
(-243, 63)
(-243, 62)
(-243, 61)
(-243, 60)
(-243, 59)
(-243, 58)
(-243, 57)
(-243, 56)
(-243, 55)
(-243, 54)
(-244, 53)
(-245, 53)
(-246, 53)
(-247, 53)
(-248, 53)
(-249, 53)
(-250, 53)
(-252, 53)
(-253, 53)
(-254, 53)
(-255, 53)
(-256, 53)
(-257, 53)
(-258, 53)
(-259, 53)
(-260, 54)
(-260, 55)
(-260, 56)
(-260, 57)
(-260, 58)
(-260, 59)
(-260, 60)
(-261, 61)
(-262, 61)
(-263, 61)
(-264, 61)
(-265, 61)
(-266, 61)
(-267, 62)
(-267, 63)
(-266, 64)
(-265, 64)
(-264, 64)
(-263, 64)
(-267, 64)
(-268, 64)
(-269, 64)
(-270, 64)
(-271, 64)
(-272, 64)
(-273, 64)
(-265, 65)
(-265, 66)
(-265, 67)
(-265, 68)
(-265, 69)
(-265, 70)
(-265, 71)
(-265, 72)
(-265, 73)
(-265, 74)
(-265, 75)
(-265, 76)
(-265, 77)
(-265, 78)
(-265, 79)
(-265, 80)
(-265, 81)
(-266, 82)
(-266, 83)
(-266, 84)
(-266, 85)
(-267, 86)
(-268, 86)
(-269, 86)
(-270, 86)
(-271, 86)
(-272, 86)
(-273, 86)
(-274, 86)
(-275, 86)
(-276, 86)
(-277, 86)
(-278, 85)
(-278, 84)
(-278, 83)
(-278, 82)
(-278, 81)
(-278, 80)
(-278, 79)
(-278, 78)
(-278, 77)
(-278, 76)
(-278, 75)
(-277, 74)
(-276, 74)
(-275, 74)
(-274, 74)
(-273, 74)
(-272, 74)
(-271, 74)
(-270, 74)
(-278, 74)
(-279, 74)
(-280, 74)
(-281, 74)
(-282, 74)
(-283, 74)
(-284, 75)
(-284, 76)
(-284, 77)
(-284, 78)
(-284, 79)
(-285, 80)
(-286, 80)
(-287, 80)
(-288, 80)
(-289, 79)
(-289, 78)
(-289, 77)
(-289, 76)
(-289, 80)
(-289, 81)
(-289, 82)
(-289, 83)
(-289, 84)
(-289, 85)
(-289, 86)
(-289, 87)
(-289, 88)
(-289, 89)
(-289, 90)
(-289, 91)
(-290, 92)
(-291, 92)
(-292, 92)
(-293, 92)
(-294, 92)
(-295, 92)
(-289, 92)
(-288, 92)
(-287, 92)
(-286, 92)
(-285, 92)
(-284, 92)
(-283, 92)
(-282, 91)
(-282, 90)
(-282, 89)
(-282, 88)
(-282, 87)
(-282, 86)
(-282, 85)
(-282, 84)
(-282, 83)
(-282, 82)
(-282, 81)
(-282, 80)
(-282, 79)
(-281, 78)
(-280, 78)
(-279, 78)
(-277, 78)
(-276, 78)
(-275, 78)
(-274, 78)
(-273, 78)
(-277, 77)
(-277, 76)
(-277, 75)
(-277, 79)
(-277, 80)
(-277, 81)
(-277, 82)
(-277, 83)
(-277, 84)
(-276, 80)
(-275, 80)
(-274, 80)
(-273, 80)
(-272, 80)
(-271, 80)
(-270, 80)
(-269, 80)
(-268, 80)
(-267, 80)
(-266, 80)
(-264, 80)
(-272, 81)
(-273, 81)
(-274, 81)
(-275, 81)
(-276, 81)
(-279, 81)
(-280, 81)
(-281, 81)
(-283, 81)
(-284, 81)
(-285, 81)
(-286, 81)
(-281, 80)
(-281, 79)
(-281, 77)
(-281, 76)
(-281, 75)
(-281, 73)
(-281, 72)
(-281, 71)
(-281, 70)
(-281, 69)
(-281, 68)
(-282, 68)
(-283, 68)
(-284, 68)
(-285, 68)
(-286, 68)
(-287, 68)
(-288, 68)
(-289, 68)
(-280, 68)
(-279, 68)
(-278, 68)
(-277, 68)
(-276, 68)
(-275, 68)
(-274, 68)
(-273, 69)
(-273, 70)
(-272, 68)
(-271, 68)
(-270, 68)
(-269, 68)
(-268, 68)
(-267, 68)
(-266, 68)
(-264, 68)
(-263, 68)
(-262, 68)
(-261, 68)
(-260, 68)
(-259, 68)
(-258, 68)
(-263, 69)
(-263, 70)
(-263, 71)
(-263, 72)
(-263, 73)
(-263, 74)
(-263, 75)
(-263, 76)
(-263, 77)
(-270, 69)
(-270, 70)
(-270, 71)
(-269, 72)
(-268, 72)
(-267, 72)
(-266, 72)
(-264, 72)
(-262, 72)
(-261, 72)
(-260, 73)
(-260, 74)
(-260, 75)
(-260, 76)
(-260, 77)
(-260, 78)
(-260, 79)
(-260, 80)
(-260, 81)
(-260, 82)
(-260, 83)
(-260, 84)
(-260, 85)
(-259, 86)
(-258, 86)
(-257, 86)
(-256, 86)
(-255, 86)
(-254, 86)
(-253, 86)
(-252, 86)
(-251, 86)
(-250, 86)
(-253, 87)
(-253, 88)
(-253, 89)
(-253, 90)
(-253, 91)
(-253, 92)
(-253, 93)
(-253, 94)
(-253, 95)
(-253, 96)
(-252, 97)
(-251, 97)
(-250, 97)
(-249, 97)
(-248, 97)
(-247, 97)
(-253, 97)
(-254, 97)
(-255, 97)
(-256, 98)
(-256, 99)
(-256, 100)
(-256, 101)
(-256, 102)
(-256, 103)
(-256, 104)
(-257, 101)
(-258, 101)
(-259, 101)
(-260, 101)
(-261, 101)
(-262, 101)
(-263, 101)
(-264, 101)
(-265, 101)
(-266, 101)
(-259, 100)
(-259, 99)
(-259, 98)
(-259, 97)
(-259, 96)
(-259, 95)
(-259, 94)
(-259, 93)
(-259, 92)
(-260, 91)
(-261, 91)
(-262, 91)
(-263, 91)
(-264, 91)
(-265, 91)
(-266, 91)
(-267, 91)
(-268, 91)
(-269, 91)
(-270, 91)
(-271, 91)
(-272, 91)
(-273, 91)
(-274, 91)
(-275, 91)
(-276, 92)
(-275, 93)
(-274, 93)
(-273, 93)
(-276, 93)
(-277, 93)
(-278, 93)
(-279, 93)
(-280, 93)
(-281, 93)
(-282, 93)
(-283, 93)
(-284, 93)
(-285, 91)
(-285, 90)
(-285, 89)
(-285, 88)
(-285, 87)
(-286, 86)
(-287, 86)
(-288, 86)
(-290, 86)
(-291, 86)
(-292, 86)
(-293, 86)
(-294, 86)
(-295, 86)
(-296, 86)
(-297, 86)
(-298, 85)
(-298, 84)
(-298, 86)
(-298, 87)
(-298, 88)
(-298, 89)
(-298, 90)
(-298, 91)
(-298, 92)
(-298, 93)
(-298, 94)
(-298, 95)
(-298, 96)
(-298, 97)
(-298, 98)
(-297, 99)
(-296, 99)
(-295, 99)
(-294, 99)
(-293, 99)
(-292, 99)
(-291, 99)
(-290, 99)
(-289, 99)
(-288, 99)
(-287, 99)
(-286, 99)
(-285, 99)
(-284, 99)
(-283, 99)
(-282, 99)
(-281, 100)
(-281, 101)
(-281, 102)
(-281, 103)
(-281, 104)
(-281, 105)
(-281, 106)
(-280, 107)
(-279, 107)
(-278, 106)
(-278, 105)
(-278, 104)
(-278, 103)
(-278, 102)
(-278, 101)
(-278, 100)
(-278, 99)
(-278, 98)
(-278, 97)
(-278, 96)
(-278, 95)
(-278, 94)
(-278, 92)
(-277, 91)
(-277, 90)
(-277, 89)
(-277, 88)
(-277, 87)
(-277, 85)
(-272, 78)
(-271, 78)
(-270, 78)
(-269, 78)
(-268, 78)
(-267, 78)
(-266, 78)
(-264, 78)
(-264, 71)
(-266, 71)
(-267, 71)
(-268, 73)
(-268, 74)
(-268, 75)
(-268, 76)
(-268, 77)
(-268, 79)
(-268, 81)
(-268, 82)
(-268, 83)
(-268, 84)
(-268, 71)
(-268, 70)
(-268, 69)
(-270, 72)
(-270, 73)
(-270, 75)
(-269, 76)
(-267, 76)
(-266, 76)
(-264, 76)
(-262, 76)
(-261, 75)
(-261, 74)
(-261, 73)
(-261, 71)
(-261, 70)
(-261, 69)
(-261, 67)
(-261, 66)
(-261, 65)
(-261, 64)
(-261, 63)
(-261, 62)
(-261, 60)
(-261, 59)
(-261, 58)
(-261, 57)
(-261, 56)
(-261, 55)
(-261, 54)
(-261, 53)
(-261, 51)
(-261, 50)
(-261, 49)
(-261, 48)
(-261, 47)
(-262, 46)
(-262, 45)
(-263, 44)
(-264, 44)
(-265, 44)
(-266, 44)
(-267, 44)
(-268, 44)
(-269, 44)
(-271, 44)
(-272, 44)
(-273, 44)
(-274, 44)
(-262, 44)
(-261, 44)
(-260, 44)
(-259, 45)
(-259, 46)
(-259, 47)
(-259, 48)
(-259, 49)
(-259, 50)
(-259, 51)
(-258, 54)
(-257, 54)
(-256, 54)
(-255, 54)
(-254, 54)
(-253, 55)
(-253, 56)
(-253, 57)
(-253, 58)
(-253, 59)
(-253, 60)
(-253, 61)
(-253, 62)
(-253, 63)
(-253, 64)
(-254, 65)
(-255, 65)
(-256, 65)
(-257, 65)
(-258, 64)
(-258, 63)
(-258, 62)
(-258, 61)
(-258, 60)
(-258, 59)
(-258, 58)
(-258, 57)
(-258, 56)
(-258, 55)
(-258, 51)
(-258, 50)
(-258, 49)
(-260, 48)
(-262, 48)
(-263, 48)
(-264, 48)
(-265, 48)
(-258, 48)
(-257, 48)
(-256, 48)
(-255, 48)
(-254, 48)
(-253, 48)
(-252, 48)
(-251, 47)
(-251, 46)
(-251, 44)
(-251, 43)
(-251, 42)
(-251, 41)
(-252, 40)
(-253, 40)
(-254, 40)
(-254, 41)
(-254, 42)
(-254, 43)
(-254, 44)
(-254, 46)
(-254, 47)
(-254, 49)
(-255, 47)
(-255, 46)
(-255, 44)
(-255, 43)
(-255, 42)
(-255, 41)
(-255, 40)
(-255, 39)
(-255, 38)
(-255, 37)
(-255, 36)
(-255, 35)
(-255, 34)
(-255, 33)
(-254, 32)
(-253, 32)
(-252, 32)
(-251, 32)
(-250, 32)
(-249, 31)
(-249, 30)
(-249, 29)
(-249, 28)
(-248, 27)
(-247, 27)
(-246, 27)
(-245, 27)
(-244, 27)
(-243, 27)
(-242, 27)
(-241, 28)
(-241, 29)
(-241, 30)
(-241, 31)
(-241, 32)
(-241, 33)
(-241, 35)
(-241, 36)
(-241, 37)
(-241, 38)
(-241, 39)
(-241, 40)
(-242, 41)
(-243, 41)
(-244, 41)
(-245, 41)
(-246, 42)
(-246, 43)
(-246, 44)
(-246, 45)
(-246, 46)
(-246, 47)
(-246, 48)
(-246, 49)
(-246, 50)
(-246, 51)
(-246, 52)
(-246, 41)
(-245, 40)
(-244, 40)
(-243, 40)
(-242, 40)
(-243, 39)
(-244, 39)
(-245, 42)
(-245, 43)
(-245, 44)
(-244, 45)
(-243, 45)
(-242, 45)
(-241, 45)
(-240, 45)
(-239, 45)
(-238, 45)
(-237, 44)
(-237, 43)
(-237, 42)
(-237, 41)
(-237, 40)
(-237, 39)
(-237, 38)
(-237, 37)
(-237, 36)
(-237, 35)
(-237, 33)
(-237, 32)
(-237, 31)
(-237, 30)
(-237, 29)
(-236, 36)
(-235, 36)
(-234, 36)
(-233, 36)
(-232, 36)
(-230, 36)
(-229, 36)
(-230, 37)
(-232, 37)
(-233, 37)
(-234, 37)
(-235, 37)
(-236, 37)
(-238, 37)
(-239, 38)
(-239, 39)
(-239, 40)
(-239, 41)
(-239, 42)
(-240, 43)
(-241, 43)
(-242, 43)
(-243, 43)
(-244, 43)
(-247, 43)
(-249, 43)
(-250, 42)
(-250, 41)
(-250, 40)
(-250, 39)
(-250, 38)
(-250, 37)
(-250, 36)
(-250, 35)
(-250, 34)
(-250, 33)
(-250, 31)
(-250, 30)
(-250, 29)
(-250, 28)
(-250, 27)
(-251, 28)
(-251, 29)
(-251, 30)
(-251, 31)
(-251, 33)
(-251, 34)
(-251, 35)
(-251, 36)
(-251, 37)
(-251, 38)
(-251, 39)
(-251, 40)
(-252, 43)
(-253, 43)
(-254, 36)
(-253, 36)
(-252, 36)
(-249, 36)
(-247, 36)
(-246, 37)
(-246, 38)
(-246, 39)
(-246, 40)
(-247, 49)
(-248, 49)
(-249, 49)
(-250, 49)
(-251, 49)
(-246, 54)
(-246, 55)
(-246, 56)
(-246, 57)
(-246, 58)
(-246, 59)
(-246, 60)
(-245, 61)
(-244, 61)
(-242, 61)
(-241, 61)
(-240, 61)
(-239, 61)
(-238, 61)
(-237, 61)
(-236, 62)
(-236, 63)
(-236, 64)
(-236, 65)
(-236, 66)
(-236, 67)
(-236, 68)
(-236, 69)
(-236, 70)
(-236, 71)
(-237, 72)
(-238, 72)
(-239, 72)
(-240, 72)
(-241, 72)
(-242, 72)
(-243, 73)
(-243, 74)
(-243, 72)
(-243, 71)
(-243, 70)
(-243, 69)
(-246, 61)
(-247, 61)
(-248, 61)
(-249, 61)
(-250, 61)
(-252, 61)
(-254, 61)
(-255, 61)
(-256, 61)
(-257, 61)
(-259, 61)
(-260, 62)
(-260, 63)
(-260, 64)
(-260, 65)
(-260, 66)
(-260, 67)
(-260, 69)
(-260, 70)
(-260, 71)
(-260, 72)
(-261, 76)
(-259, 76)
(-270, 76)
(-271, 76)
(-272, 76)
(-273, 75)
(-273, 73)
(-273, 72)
(-272, 71)
(-271, 71)
(-269, 71)
(-262, 73)
(-262, 74)
(-262, 75)
(-262, 77)
(-262, 78)
(-262, 79)
(-262, 80)
(-263, 81)
(-264, 81)
(-266, 81)
(-267, 81)
(-269, 81)
(-270, 81)
(-271, 81)
(-276, 82)
(-275, 83)
(-274, 83)
(-273, 83)
(-272, 83)
(-271, 82)
(-271, 79)
(-271, 77)
(-271, 75)
(-271, 73)
(-271, 72)
(-263, 78)
(-263, 79)
(-263, 80)
(-262, 81)
(-261, 81)
(-259, 81)
(-258, 81)
(-257, 81)
(-256, 81)
(-255, 81)
(-254, 81)
(-253, 81)
(-252, 81)
(-251, 81)
(-250, 81)
(-249, 82)
(-249, 83)
(-249, 84)
(-249, 85)
(-249, 86)
(-249, 87)
(-249, 88)
(-249, 89)
(-249, 90)
(-249, 91)
(-249, 92)
(-249, 93)
(-249, 94)
(-249, 95)
(-249, 96)
(-249, 98)
(-248, 95)
(-247, 95)
(-246, 95)
(-245, 95)
(-244, 95)
(-243, 95)
(-242, 95)
(-241, 95)
(-240, 95)
(-239, 95)
(-238, 95)
(-237, 95)
(-236, 95)
(-235, 95)
(-234, 95)
(-233, 95)
(-232, 95)
(-231, 96)
(-231, 97)
(-231, 98)
(-231, 99)
(-231, 100)
(-231, 101)
(-231, 102)
(-231, 103)
(-231, 104)
(-231, 105)
(-230, 106)
(-229, 106)
(-228, 106)
(-227, 106)
(-226, 106)
(-225, 106)
(-224, 106)
(-223, 106)
(-222, 106)
(-221, 106)
(-220, 105)
(-221, 104)
(-222, 104)
(-223, 104)
(-224, 104)
(-225, 104)
(-226, 104)
(-226, 103)
(-226, 102)
(-226, 101)
(-226, 100)
(-226, 99)
(-226, 98)
(-226, 97)
(-226, 96)
(-226, 95)
(-226, 94)
(-226, 93)
(-226, 92)
(-226, 91)
(-226, 90)
(-226, 89)
(-226, 88)
(-226, 87)
(-227, 86)
(-228, 86)
(-229, 85)
(-229, 84)
(-229, 83)
(-229, 82)
(-229, 81)
(-229, 80)
(-229, 79)
(-229, 78)
(-229, 77)
(-229, 76)
(-229, 75)
(-229, 74)
(-228, 73)
(-227, 73)
(-226, 73)
(-225, 73)
(-224, 73)
(-223, 73)
(-222, 73)
(-221, 73)
(-220, 73)
(-219, 73)
(-218, 73)
(-217, 73)
(-216, 73)
(-215, 73)
(-214, 73)
(-213, 74)
(-213, 75)
(-213, 76)
(-213, 77)
(-213, 78)
(-213, 79)
(-213, 80)
(-212, 74)
(-212, 73)
(-211, 72)
(-210, 72)
(-209, 72)
(-208, 72)
(-207, 72)
(-206, 72)
(-205, 72)
(-204, 72)
(-203, 72)
(-202, 72)
(-201, 72)
(-200, 72)
(-199, 72)
(-198, 72)
(-197, 71)
(-197, 70)
(-196, 69)
(-195, 69)
(-194, 69)
(-193, 69)
(-192, 69)
(-191, 69)
(-190, 69)
(-189, 69)
(-188, 69)
(-187, 69)
(-186, 69)
(-185, 69)
(-184, 70)
(-184, 71)
(-184, 72)
(-184, 73)
(-184, 74)
(-184, 75)
(-184, 76)
(-184, 77)
(-184, 78)
(-184, 79)
(-184, 80)
(-184, 81)
(-184, 82)
(-185, 83)
(-186, 83)
(-187, 83)
(-188, 83)
(-189, 83)
(-190, 83)
(-191, 83)
(-192, 83)
(-193, 83)
(-194, 83)
(-195, 83)
(-196, 83)
(-197, 83)
(-198, 83)
(-199, 82)
(-199, 81)
(-199, 80)
(-199, 79)
(-199, 78)
(-199, 77)
(-199, 76)
(-199, 75)
(-199, 74)
(-200, 73)
(-201, 73)
(-202, 73)
(-203, 73)
(-204, 73)
(-205, 73)
(-206, 73)
(-207, 73)
(-208, 73)
(-209, 73)
(-210, 73)
(-211, 71)
(-211, 70)
(-211, 69)
(-211, 68)
(-210, 67)
(-209, 67)
(-208, 67)
(-207, 67)
(-206, 67)
(-205, 67)
(-204, 67)
(-203, 67)
(-202, 67)
(-201, 67)
(-200, 67)
(-199, 67)
(-198, 67)
(-197, 68)
(-197, 69)
(-197, 72)
(-197, 73)
(-197, 74)
(-197, 75)
(-197, 76)
(-197, 77)
(-197, 78)
(-197, 79)
(-197, 80)
(-197, 81)
(-197, 82)
(-197, 84)
(-197, 85)
(-197, 86)
(-197, 87)
(-196, 88)
(-195, 88)
(-194, 88)
(-193, 88)
(-192, 88)
(-191, 88)
(-190, 88)
(-189, 88)
(-188, 88)
(-187, 88)
(-186, 88)
(-185, 88)
(-184, 89)
(-184, 90)
(-184, 91)
(-184, 92)
(-184, 93)
(-184, 94)
(-184, 95)
(-184, 96)
(-184, 97)
(-184, 98)
(-184, 99)
(-184, 100)
(-184, 101)
(-185, 102)
(-186, 102)
(-187, 102)
(-188, 102)
(-189, 102)
(-190, 102)
(-191, 102)
(-192, 102)
(-193, 102)
(-192, 103)
(-193, 101)
(-193, 100)
(-193, 99)
(-193, 98)
(-193, 97)
(-193, 96)
(-193, 95)
(-193, 94)
(-193, 93)
(-193, 92)
(-193, 91)
(-192, 90)
(-191, 90)
(-190, 90)
(-189, 90)
(-188, 90)
(-187, 90)
(-186, 90)
(-185, 90)
(-183, 90)
(-182, 90)
(-181, 90)
(-180, 90)
(-179, 90)
(-178, 90)
(-177, 90)
(-176, 91)
(-176, 92)
(-176, 93)
(-176, 94)
(-176, 95)
(-176, 96)
(-176, 97)
(-176, 98)
(-176, 99)
(-176, 100)
(-176, 101)
(-177, 102)
(-178, 102)
(-179, 102)
(-180, 101)
(-180, 100)
(-180, 99)
(-180, 98)
(-180, 97)
(-180, 96)
(-180, 95)
(-180, 94)
(-180, 93)
(-180, 92)
(-180, 91)
(-180, 89)
(-180, 88)
(-179, 87)
(-178, 87)
(-177, 86)
(-177, 85)
(-177, 84)
(-177, 83)
(-177, 82)
(-177, 81)
(-177, 80)
(-177, 79)
(-177, 78)
(-177, 77)
(-177, 76)
(-177, 75)
(-177, 74)
(-177, 73)
(-177, 72)
(-177, 71)
(-177, 70)
(-177, 69)
(-177, 87)
(-178, 80)
(-179, 80)
(-180, 80)
(-181, 80)
(-182, 80)
(-183, 80)
(-185, 80)
(-186, 80)
(-187, 80)
(-188, 80)
(-189, 80)
(-190, 80)
(-191, 80)
(-192, 80)
(-193, 80)
(-194, 80)
(-195, 80)
(-196, 81)
(-196, 82)
(-196, 84)
(-196, 85)
(-196, 86)
(-196, 87)
(-196, 89)
(-196, 90)
(-196, 91)
(-196, 92)
(-196, 93)
(-196, 94)
(-196, 95)
(-196, 96)
(-197, 94)
(-198, 94)
(-195, 94)
(-194, 94)
(-192, 94)
(-191, 94)
(-190, 94)
(-189, 94)
(-188, 94)
(-187, 94)
(-186, 94)
(-185, 94)
(-183, 95)
(-183, 96)
(-183, 97)
(-182, 98)
(-181, 98)
(-179, 98)
(-178, 98)
(-177, 98)
(-175, 98)
(-174, 98)
(-173, 98)
(-172, 98)
(-171, 98)
(-170, 98)
(-169, 98)
(-168, 98)
(-167, 98)
(-171, 97)
(-171, 96)
(-171, 95)
(-171, 94)
(-171, 93)
(-171, 92)
(-171, 91)
(-171, 90)
(-171, 89)
(-172, 88)
(-173, 88)
(-174, 88)
(-175, 88)
(-176, 88)
(-177, 88)
(-178, 88)
(-179, 88)
(-181, 88)
(-182, 88)
(-183, 88)
(-184, 88)
(-189, 87)
(-189, 86)
(-189, 85)
(-189, 84)
(-189, 82)
(-189, 81)
(-189, 79)
(-189, 78)
(-189, 77)
(-189, 76)
(-189, 75)
(-189, 74)
(-188, 73)
(-187, 73)
(-186, 73)
(-185, 73)
(-183, 73)
(-182, 73)
(-181, 73)
(-180, 73)
(-179, 73)
(-178, 74)
(-176, 74)
(-175, 74)
(-174, 74)
(-173, 74)
(-172, 74)
(-171, 74)
(-170, 74)
(-169, 74)
(-168, 74)
(-167, 74)
(-166, 74)
(-165, 74)
(-164, 75)
(-164, 76)
(-164, 77)
(-164, 78)
(-164, 79)
(-164, 80)
(-163, 81)
(-162, 81)
(-161, 81)
(-160, 80)
(-160, 79)
(-160, 78)
(-160, 77)
(-160, 76)
(-160, 75)
(-160, 74)
(-160, 73)
(-160, 72)
(-160, 71)
(-160, 70)
(-160, 69)
(-160, 68)
(-160, 67)
(-160, 66)
(-160, 65)
(-160, 64)
(-160, 63)
(-159, 62)
(-158, 62)
(-157, 62)
(-156, 62)
(-155, 62)
(-154, 62)
(-153, 62)
(-152, 62)
(-151, 62)
(-150, 62)
(-149, 62)
(-148, 62)
(-147, 62)
(-146, 61)
(-146, 60)
(-146, 59)
(-146, 58)
(-146, 57)
(-146, 56)
(-146, 55)
(-146, 53)
(-146, 52)
(-146, 51)
(-146, 50)
(-146, 49)
(-146, 48)
(-146, 47)
(-146, 46)
(-146, 45)
(-146, 44)
(-147, 59)
(-148, 59)
(-149, 59)
(-150, 59)
(-151, 59)
(-152, 59)
(-153, 59)
(-154, 59)
(-155, 59)
(-156, 59)
(-157, 59)
(-158, 59)
(-159, 59)
(-145, 59)
(-144, 59)
(-143, 59)
(-142, 59)
(-141, 59)
(-140, 59)
(-139, 59)
(-138, 59)
(-137, 59)
(-150, 60)
(-150, 61)
(-150, 63)
(-150, 64)
(-150, 65)
(-150, 66)
(-150, 67)
(-150, 68)
(-151, 67)
(-149, 67)
(-148, 67)
(-147, 67)
(-146, 67)
(-145, 67)
(-144, 67)
(-143, 67)
(-142, 67)
(-141, 67)
(-140, 68)
(-140, 69)
(-140, 70)
(-140, 67)
(-140, 66)
(-140, 65)
(-140, 64)
(-140, 63)
(-140, 62)
(-140, 61)
(-140, 60)
(-136, 59)
(-135, 59)
(-134, 59)
(-133, 59)
(-132, 59)
(-131, 59)
(-130, 59)
(-129, 59)
(-128, 59)
(-127, 59)
(-126, 59)
(-125, 59)
(-125, 58)
(-125, 57)
(-125, 56)
(-125, 55)
(-125, 54)
(-125, 53)
(-125, 52)
(-125, 51)
(-124, 50)
(-123, 50)
(-122, 50)
(-121, 50)
(-120, 50)
(-119, 50)
(-118, 50)
(-117, 50)
(-116, 50)
(-115, 50)
(-114, 50)
(-113, 50)
(-112, 50)
(-111, 50)
(-110, 50)
(-109, 50)
(-108, 50)
(-107, 50)
(-106, 49)
(-107, 48)
(-108, 48)
(-109, 48)
(-110, 48)
(-111, 48)
(-112, 48)
(-113, 48)
(-114, 48)
(-115, 48)
(-116, 48)
(-117, 48)
(-118, 48)
(-119, 49)
(-119, 51)
(-119, 52)
(-119, 53)
(-119, 54)
(-119, 55)
(-119, 56)
(-119, 57)
(-119, 58)
(-120, 59)
(-121, 59)
(-122, 59)
(-123, 59)
(-124, 59)
(-126, 60)
(-126, 61)
(-126, 62)
(-126, 63)
(-126, 64)
(-126, 65)
(-126, 66)
(-126, 67)
(-126, 68)
(-126, 69)
(-127, 67)
(-128, 67)
(-129, 67)
(-130, 67)
(-131, 67)
(-132, 67)
(-133, 67)
(-134, 67)
(-135, 67)
(-136, 67)
(-137, 67)
(-138, 67)
(-139, 67)
(-141, 68)
(-141, 69)
(-141, 70)
(-141, 71)
(-141, 72)
(-141, 73)
(-141, 74)
(-141, 75)
(-141, 66)
(-141, 65)
(-140, 74)
(-139, 74)
(-138, 74)
(-137, 74)
(-136, 74)
(-135, 74)
(-134, 74)
(-133, 74)
(-132, 73)
(-132, 72)
(-132, 71)
(-132, 70)
(-132, 69)
(-132, 68)
(-132, 66)
(-132, 65)
(-132, 64)
(-132, 63)
(-132, 62)
(-132, 61)
(-132, 60)
(-131, 58)
(-130, 58)
(-129, 58)
(-128, 58)
(-127, 58)
(-126, 58)
(-124, 58)
(-123, 58)
(-122, 58)
(-126, 57)
(-126, 56)
(-126, 55)
(-126, 54)
(-126, 53)
(-126, 52)
(-126, 51)
(-126, 50)
(-126, 49)
(-126, 48)
(-127, 56)
(-128, 56)
(-129, 56)
(-130, 56)
(-131, 56)
(-132, 56)
(-133, 56)
(-134, 56)
(-135, 56)
(-124, 56)
(-123, 57)
(-123, 60)
(-123, 61)
(-123, 62)
(-123, 63)
(-123, 64)
(-123, 65)
(-123, 66)
(-123, 67)
(-123, 68)
(-123, 69)
(-119, 59)
(-118, 59)
(-117, 59)
(-116, 59)
(-115, 59)
(-114, 59)
(-113, 59)
(-112, 59)
(-111, 59)
(-110, 59)
(-127, 50)
(-128, 50)
(-129, 50)
(-130, 50)
(-131, 50)
(-132, 50)
(-133, 50)
(-134, 50)
(-135, 50)
(-136, 50)
(-137, 50)
(-138, 50)
(-140, 50)
(-142, 50)
6030
